time,open,high,low,close,volume,value,foreign_buy_vol,foreign_sell_vol,foreign_buy_val,foreign_sell_val,foreign_room,foreign_ownership_pct,foreign_buy_value_bn,foreign_sell_value_bn
2013-01-02,2.294,2.4,2.294,2.294,60630,139085.22,,,,,,,,
2013-01-03,2.206,2.206,2.188,2.188,22000,48136.00000000001,,,,,,,,
2013-01-04,2.082,2.171,2.082,2.171,96470,209436.37,,,,,,,,
2013-01-07,2.082,2.206,2.082,2.082,23910,49780.62,,,,,,,,
2013-01-08,2.082,2.171,2.082,2.118,6350,13449.3,,,,,,,,
2013-01-09,2.118,2.153,2.012,2.012,39500,79474.0,,,,,,,,
2013-01-10,2.012,2.082,1.994,2.082,24350,50696.7,,,,,,,,
2013-01-11,2.135,2.135,2.012,2.012,5040,10140.48,,,,,,,,
2013-01-14,2.012,2.047,1.924,1.977,28300,55949.100000000006,,,,,,,,
2013-01-15,1.994,2.1,1.994,2.1,15640,32844.0,,,,,,,,
2013-01-16,2.224,2.224,2.082,2.153,3650,7858.45,,,,,,,,
2013-01-17,2.153,2.153,2.082,2.135,5270,11251.45,,,,,,,,
2013-01-18,2.135,2.153,2.029,2.065,7570,15632.05,,,,,,,,
2013-01-21,2.012,2.1,2.012,2.047,8110,16601.170000000002,,,,,,,,
2013-01-22,2.1,2.1,2.012,2.029,2130,4321.77,,,,,,,,
2013-01-23,2.082,2.082,1.994,2.029,4220,8562.38,,,,,,,,
2013-01-24,2.1,2.1,1.959,2.065,18590,38388.35,,,,,,,,
2013-01-25,2.1,2.118,2.065,2.082,3330,6933.06,,,,,,,,
2013-01-28,2.082,2.118,2.082,2.1,30680,64428.0,,,,,,,,
2013-01-29,2.082,2.1,2.082,2.082,7210,15011.22,,,,,,,,
2013-01-30,2.1,2.1,2.047,2.047,11760,24072.72,,,,,,,,
2013-01-31,2.135,2.135,2.012,2.065,13810,28517.65,,,,,,,,
2013-02-01,2.082,2.082,2.012,2.012,14120,28409.44,,,,,,,,
2013-02-04,2.118,2.118,2.012,2.065,4020,8301.3,,,,,,,,
2013-02-05,2.1,2.1,1.994,1.994,9230,18404.62,,,,,,,,
2013-02-06,2.029,2.065,2.029,2.065,9590,19803.35,,,,,,,,
2013-02-07,2.065,2.118,2.065,2.1,29270,61467.0,,,,,,,,
2013-02-08,2.1,2.118,2.082,2.118,14650,31028.7,,,,,,,,
2013-02-18,2.118,2.135,2.1,2.118,59310,125618.58,,,,,,,,
2013-02-19,2.118,2.135,2.1,2.118,17020,36048.36,,,,,,,,
2013-02-20,2.118,2.135,2.1,2.118,47790,101219.22,,,,,,,,
2013-02-21,2.118,2.206,2.118,2.118,87000,184266.0,,,,,,,,
2013-02-22,2.118,2.118,2.082,2.082,41530,86465.45999999999,,,,,,,,
2013-02-25,2.065,2.118,2.065,2.118,820,1736.76,,,,,,,,
2013-02-26,2.118,2.118,1.994,1.994,63540,126698.76,,,,,,,,
2013-02-27,1.994,2.118,1.994,2.029,28760,58354.04,,,,,,,,
2013-02-28,2.047,2.1,2.047,2.1,21670,45507.0,,,,,,,,
2013-03-01,2.082,2.1,2.047,2.082,13240,27565.68,,,,,,,,
2013-03-04,2.1,2.1,2.047,2.065,15370,31739.05,,,,,,,,
2013-03-05,2.082,2.135,2.029,2.135,8380,17891.3,,,,,,,,
2013-03-06,2.1,2.135,2.082,2.082,20060,41764.92,,,,,,,,
2013-03-07,2.082,2.118,2.065,2.1,2270,4767.0,,,,,,,,
2013-03-08,2.029,2.118,2.029,2.118,120,254.16,,,,,,,,
2013-03-11,2.065,2.1,2.065,2.1,3540,7434.0,,,,,,,,
2013-03-12,2.118,2.118,2.047,2.1,2040,4284.0,,,,,,,,
2013-03-13,2.118,2.118,2.1,2.1,2010,4221.0,,,,,,,,
2013-03-14,2.065,2.1,2.065,2.065,33000,68145.0,,,,,,,,
2013-03-15,2.082,2.1,2.065,2.1,8570,17997.0,,,,,,,,
2013-03-18,2.047,2.118,2.047,2.118,30,63.54,,,,,,,,
2013-03-19,2.118,2.135,2.047,2.1,18070,37947.0,,,,,,,,
2013-03-20,2.082,2.082,2.065,2.082,26800,55797.6,,,,,,,,
2013-03-21,2.118,2.118,2.047,2.1,8120,17052.0,,,,,,,,
2013-03-22,2.082,2.1,2.082,2.1,32750,68775.0,,,,,,,,
2013-03-25,2.1,2.135,2.1,2.118,19940,42232.92,,,,,,,,
2013-03-26,2.135,2.224,2.1,2.153,118890,255970.17,,,,,,,,
2013-03-27,2.171,2.206,2.118,2.188,56860,124409.68,,,,,,,,
2013-03-28,2.188,2.188,2.118,2.135,37340,79720.9,,,,,,,,
2013-03-29,2.135,2.135,2.1,2.135,25220,53844.7,,,,,,,,
2013-04-01,2.1,2.171,2.1,2.1,35060,73626.0,,,,,,,,
2013-04-02,2.118,2.135,2.1,2.1,34970,73437.0,,,,,,,,
2013-04-03,2.135,2.135,2.118,2.118,21050,44583.9,,,,,,,,
2013-04-04,2.135,2.171,2.118,2.118,38100,80695.79999999999,,,,,,,,
2013-04-05,2.1,2.188,2.082,2.153,63180,136026.54,,,,,,,,
2013-04-08,2.153,2.153,2.135,2.153,9830,21163.99,,,,,,,,
2013-04-09,2.153,2.153,2.118,2.135,1610,3437.3499999999995,,,,,,,,
2013-04-10,2.135,2.135,2.082,2.082,32390,67435.98,,,,,,,,
2013-04-11,2.047,2.135,2.047,2.135,9910,21157.85,,,,,,,,
2013-04-12,2.1,2.1,2.082,2.1,7550,15855.0,,,,,,,,
2013-04-15,2.047,2.082,2.029,2.047,32260,66036.22,,,,,,,,
2013-04-16,2.047,2.082,2.012,2.065,5560,11481.4,,,,,,,,
2013-04-17,2.047,2.065,2.047,2.065,5060,10448.9,,,,,,,,
2013-04-18,2.047,2.082,2.047,2.065,19000,39235.0,,,,,,,,
2013-04-22,2.082,2.082,2.029,2.082,13740,28606.68,,,,,,,,
2013-04-23,2.118,2.118,2.118,2.118,10,21.18,,,,,,,,
2013-04-24,2.047,2.082,2.047,2.082,2010,4184.82,,,,,,,,
2013-04-25,2.082,2.082,2.065,2.065,7020,14496.3,,,,,,,,
2013-04-26,2.065,2.082,2.065,2.082,14010,29168.82,,,,,,,,
2013-05-02,2.082,2.1,2.065,2.1,11310,23751.0,,,,,,,,
2013-05-03,2.082,2.118,2.082,2.118,24580,52060.44,,,,,,,,
2013-05-06,2.118,2.118,2.065,2.118,68260,144574.68,,,,,,,,
2013-05-07,2.118,2.118,2.1,2.118,16020,33930.36,,,,,,,,
2013-05-08,2.118,2.118,2.065,2.065,9380,19369.7,,,,,,,,
2013-05-09,2.065,2.153,2.065,2.135,112020,239162.7,,,,,,,,
2013-05-10,2.135,2.135,2.118,2.135,30510,65138.84999999999,,,,,,,,
2013-05-13,2.135,2.135,2.135,2.135,23060,49233.1,,,,,,,,
2013-05-14,2.118,2.118,2.082,2.118,6420,13597.56,,,,,,,,
2013-05-15,2.1,2.118,2.1,2.118,610,1291.98,,,,,,,,
2013-05-16,2.082,2.118,2.065,2.118,8910,18871.38,,,,,,,,
2013-05-17,2.082,2.118,2.082,2.1,20470,42987.0,,,,,,,,
2013-05-20,2.1,2.224,2.1,2.118,136340,288768.12,,,,,,,,
2013-05-21,2.135,2.171,2.135,2.171,56010,121597.71,,,,,,,,
2013-05-22,2.153,2.171,2.153,2.153,38560,83019.68000000001,,,,,,,,
2013-05-23,2.153,2.294,2.153,2.277,244380,556453.26,,,,,,,,
2013-05-24,2.312,2.435,2.277,2.435,307160,747934.6,,,,,,,,
2013-05-27,2.594,2.594,2.559,2.594,468000,1213992.0,,,,,,,,
2013-05-28,2.63,2.771,2.577,2.735,324220,886741.7,,,,,,,,
2013-05-29,2.682,2.718,2.63,2.647,187460,496206.62,,,,,,,,
2013-05-30,2.612,2.647,2.524,2.647,274230,725886.8099999999,,,,,,,,
2013-05-31,2.612,2.824,2.612,2.718,795470,2162087.46,,,,,,,,
2013-06-03,2.718,2.753,2.647,2.682,198450,532242.9,,,,,,,,
2013-06-04,2.665,2.7,2.577,2.577,164460,423813.42,,,,,,,,
2013-06-05,2.577,2.63,2.524,2.577,102480,264090.96,,,,,,,,
2013-06-06,2.488,2.647,2.488,2.612,89390,233486.68,,,,,,,,
2013-06-07,2.594,2.753,2.541,2.541,71360,181325.76,,,,,,,,
2013-06-10,2.541,2.612,2.453,2.453,146540,359462.62,,,,,,,,
2013-06-11,2.453,2.471,2.4,2.435,104530,254530.55,,,,,,,,
2013-06-12,2.435,2.559,2.435,2.559,185230,474003.57,,,,,,,,
2013-06-13,2.541,2.559,2.471,2.471,93300,230544.3,,,,,,,,
2013-06-14,2.488,2.506,2.471,2.506,125700,315004.19999999995,,,,,,,,
2013-06-17,2.506,2.506,2.4,2.4,223360,536064.0,,,,,,,,
2013-06-18,2.365,2.418,2.365,2.418,56240,135988.32,,,,,,,,
2013-06-19,2.4,2.418,2.382,2.418,53610,129628.98,,,,,,,,
2013-06-20,2.435,2.435,2.382,2.382,106370,253373.34000000003,,,,,,,,
2013-06-21,2.382,2.382,2.312,2.382,82940,197563.08,,,,,,,,
2013-06-24,2.382,2.382,2.33,2.382,73700,175553.4,,,,,,,,
2013-06-25,2.382,2.382,2.241,2.241,140730,315375.93,,,,,,,,
2013-06-26,2.312,2.312,2.206,2.206,62160,137124.96,,,,,,,,
2013-06-27,2.224,2.259,2.206,2.259,65410,147761.19,,,,,,,,
2013-06-28,2.259,2.277,2.224,2.277,42530,96840.81,,,,,,,,
2013-07-01,2.277,2.33,2.224,2.259,44760,101112.84,,,,,,,,
2013-07-02,2.294,2.294,2.277,2.294,18110,41544.34,,,,,,,,
2013-07-03,2.259,2.365,2.241,2.312,25420,58771.03999999999,,,,,,,,
2013-07-04,2.33,2.33,2.277,2.294,37160,85245.04000000001,,,,,,,,
2013-07-05,2.294,2.294,2.259,2.259,34040,76896.36,,,,,,,,
2013-07-08,2.259,2.259,2.241,2.241,8610,19295.01,,,,,,,,
2013-07-09,2.241,2.259,2.224,2.259,16880,38131.92,,,,,,,,
2013-07-10,2.259,2.277,2.224,2.241,13800,30925.800000000003,,,,,,,,
2013-07-11,2.241,2.277,2.241,2.241,15600,34959.6,,,,,,,,
2013-07-12,2.259,2.294,2.241,2.277,24790,56446.83,,,,,,,,
2013-07-15,2.224,2.294,2.224,2.294,5740,13167.56,,,,,,,,
2013-07-16,2.241,2.4,2.224,2.241,34570,77471.37000000001,,,,,,,,
2013-07-17,2.241,2.33,2.241,2.294,33870,77697.78,,,,,,,,
2013-07-18,2.312,2.4,2.312,2.365,37110,87765.15000000001,,,,,,,,
2013-07-19,2.33,2.418,2.33,2.382,13840,32966.880000000005,,,,,,,,
2013-07-22,2.418,2.418,2.33,2.382,22020,52451.64,,,,,,,,
2013-07-23,2.382,2.382,2.294,2.33,36290,84555.7,,,,,,,,
2013-07-24,2.33,2.33,2.259,2.294,64810,148674.14,,,,,,,,
2013-07-25,2.294,2.294,2.259,2.259,16700,37725.3,,,,,,,,
2013-07-26,2.33,2.33,2.241,2.259,30460,68809.14,,,,,,,,
2013-07-29,2.294,2.294,2.206,2.206,25770,56848.62,,,,,,,,
2013-07-30,2.206,2.241,2.188,2.224,33880,75349.12000000001,,,,,,,,
2013-07-31,2.277,2.277,2.206,2.259,7760,17529.84,,,,,,,,
2013-08-01,2.259,2.277,2.259,2.277,17350,39505.95,,,,,,,,
2013-08-02,2.294,2.294,2.259,2.294,7320,16792.08,,,,,,,,
2013-08-05,2.259,2.294,2.153,2.294,31160,71481.04000000001,,,,,,,,
2013-08-06,2.294,2.294,2.241,2.277,6320,14390.64,,,,,,,,
2013-08-07,2.241,2.277,2.241,2.277,27330,62230.41,,,,,,,,
2013-08-08,2.241,2.259,2.206,2.206,7080,15618.48,,,,,,,,
2013-08-09,2.277,2.277,2.171,2.206,33080,72974.48,,,,,,,,
2013-08-12,2.135,2.259,2.135,2.224,6560,14589.44,,,,,,,,
2013-08-13,2.241,2.241,2.171,2.241,5020,11249.82,,,,,,,,
2013-08-14,2.188,2.241,2.188,2.241,21380,47912.58,,,,,,,,
2013-08-15,2.188,2.277,2.171,2.277,49420,112529.34,,,,,,,,
2013-08-16,2.224,2.259,2.206,2.224,29540,65696.96,,,,,,,,
2013-08-19,2.241,2.277,2.224,2.277,25920,59019.84,,,,,,,,
2013-08-20,2.294,2.294,2.241,2.241,4060,9098.46,,,,,,,,
2013-08-21,2.277,2.277,2.224,2.259,26240,59276.16,,,,,,,,
2013-08-22,2.277,2.277,2.224,2.241,22430,50265.630000000005,,,,,,,,
2013-08-23,2.277,2.277,2.206,2.241,13590,30455.19,,,,,,,,
2013-08-26,2.277,2.277,2.206,2.241,37240,83454.84000000001,,,,,,,,
2013-08-27,2.241,2.277,2.224,2.259,4490,10142.91,,,,,,,,
2013-08-28,2.224,2.241,2.188,2.241,57870,129686.67,,,,,,,,
2013-08-29,2.241,2.241,2.188,2.188,37350,81721.8,,,,,,,,
2013-08-30,2.224,2.224,2.171,2.188,20820,45554.16,,,,,,,,
2013-09-03,2.224,2.224,2.171,2.188,13460,29450.480000000003,,,,,,,,
2013-09-04,2.206,2.206,2.171,2.188,53190,116379.72000000002,,,,,,,,
2013-09-05,2.224,2.224,2.188,2.224,5390,11987.36,,,,,,,,
2013-09-06,2.171,2.241,2.171,2.241,970,2173.77,,,,,,,,
2013-09-09,2.188,2.224,2.188,2.188,25090,54896.920000000006,,,,,,,,
2013-09-10,2.224,2.224,2.188,2.188,5660,12384.080000000002,,,,,,,,
2013-09-11,2.241,2.241,2.206,2.206,30560,67415.36,,,,,,,,
2013-09-12,2.241,2.347,2.224,2.277,116350,264928.95,,,,,,,,
2013-09-13,2.277,2.33,2.259,2.259,48180,108838.62,,,,,,,,
2013-09-16,2.312,2.312,2.294,2.312,5010,11583.12,,,,,,,,
2013-09-17,2.294,2.294,2.206,2.259,9470,21392.73,,,,,,,,
2013-09-18,2.259,2.294,2.241,2.277,40970,93288.69,,,,,,,,
2013-09-19,2.294,2.294,2.259,2.294,17630,40443.22,,,,,,,,
2013-09-20,2.259,2.294,2.259,2.294,13270,30441.38,,,,,,,,
2013-09-23,2.294,2.33,2.259,2.33,59120,137749.6,,,,,,,,
2013-09-24,2.33,2.488,2.312,2.418,331360,801228.4800000001,,,,,,,,
2013-09-25,2.435,2.524,2.418,2.453,248800,610306.3999999999,,,,,,,,
2013-09-26,2.506,2.506,2.418,2.488,109630,272759.44,,,,,,,,
2013-09-27,2.471,2.524,2.453,2.524,224040,565476.96,,,,,,,,
2013-09-30,2.506,2.577,2.506,2.577,231230,595879.71,,,,,,,,
2013-10-01,2.541,2.594,2.488,2.488,355580,884683.04,,,,,,,,
2013-10-02,2.506,2.506,2.435,2.488,141770,352723.76,,,,,,,,
2013-10-03,2.435,2.488,2.435,2.488,74750,185978.0,,,,,,,,
2013-10-04,2.418,2.488,2.418,2.471,44930,111022.03,,,,,,,,
2013-10-07,2.471,2.506,2.435,2.471,119060,294197.26,,,,,,,,
2013-10-08,2.435,2.453,2.418,2.418,60170,145491.06,,,,,,,,
2013-10-09,2.4,2.435,2.382,2.435,81890,199402.15,,,,,,,,
2013-10-10,2.418,2.559,2.418,2.471,236380,584094.98,,,,,,,,
2013-10-11,2.524,2.524,2.435,2.471,57430,141909.53,,,,,,,,
2013-10-14,2.418,2.488,2.418,2.453,56800,139330.4,,,,,,,,
2013-10-15,2.488,2.541,2.471,2.524,289620,731000.88,,,,,,,,
2013-10-16,2.524,2.541,2.488,2.524,219640,554371.36,,,,,,,,
2013-10-17,2.559,2.559,2.488,2.506,194530,487492.17999999993,,,,,,,,
2013-10-18,2.506,2.665,2.488,2.612,565550,1477216.6,,,,,,,,
2013-10-21,2.647,2.7,2.594,2.612,285940,746875.28,,,,,,,,
2013-10-22,2.612,2.63,2.577,2.594,158740,411771.56,,,,,,,,
2013-10-23,2.577,2.612,2.524,2.612,330990,864545.88,,,,,,,,
2013-10-24,2.594,2.612,2.541,2.577,173990,448372.23,,,,,,,,
2013-10-25,2.577,2.594,2.559,2.577,102310,263652.87,,,,,,,,
2013-10-28,2.594,2.594,2.524,2.524,114110,288013.64,,,,,,,,
2013-10-29,2.524,2.524,2.471,2.506,156190,391412.14,,,,,,,,
2013-10-30,2.541,2.541,2.506,2.524,77630,195938.12,,,,,,,,
2013-10-31,2.524,2.541,2.506,2.524,6790,17137.96,,,,,,,,
2013-11-01,2.524,2.541,2.488,2.541,21660,55038.06,,,,,,,,
2013-11-04,2.577,2.594,2.559,2.559,200950,514231.0500000001,,,,,,,,
2013-11-05,2.577,2.594,2.559,2.559,27330,69937.47,,,,,,,,
2013-11-06,2.559,2.594,2.559,2.577,30540,78701.58,,,,,,,,
2013-11-07,2.594,2.612,2.541,2.541,141210,358814.61,,,,,,,,
2013-11-08,2.541,2.559,2.541,2.559,42670,109192.53,,,,,,,,
2013-11-11,2.559,2.577,2.541,2.559,107430,274913.37,,,,,,,,
2013-11-12,2.577,2.594,2.577,2.594,232050,601937.7,,,,,,,,
2013-11-13,2.594,2.594,2.559,2.559,31730,81197.07,,,,,,,,
2013-11-14,2.577,2.594,2.559,2.577,150910,388895.07,,,,,,,,
2013-11-15,2.577,2.594,2.577,2.594,138930,360384.42,,,,,,,,
2013-11-18,2.651,2.727,2.632,2.708,565860,1532348.88,,,,,,,,
2013-11-19,2.727,2.897,2.727,2.897,446040,1292177.88,,,,,,,,
2013-11-20,2.897,3.086,2.878,3.086,303510,936631.86,,,,,,,,
2013-11-21,3.049,3.105,2.916,2.916,302690,882644.0399999999,,,,,,,,
2013-11-22,2.935,3.086,2.916,3.049,266440,812375.5599999999,,,,,,,,
2013-11-25,3.068,3.181,3.03,3.124,381000,1190244.0,,,,,,,,
2013-11-26,3.086,3.143,3.068,3.105,439870,1365796.35,,,,,,,,
2013-11-27,3.124,3.143,2.973,3.086,626720,1934057.92,,,,,,,,
2013-11-28,3.011,3.03,2.935,3.03,301510,913575.3,,,,,,,,
2013-11-29,2.973,2.973,2.878,2.916,216330,630818.28,,,,,,,,
2013-12-02,2.84,2.878,2.802,2.84,97410,276644.4,,,,,,,,
2013-12-03,2.897,2.954,2.897,2.897,150910,437186.27,,,,,,,,
2013-12-04,2.935,2.935,2.878,2.935,155670,456891.45,,,,,,,,
2013-12-05,2.897,2.992,2.897,2.992,145640,435754.88,,,,,,,,
2013-12-06,2.992,3.049,2.954,3.011,269390,811133.29,,,,,,,,
2013-12-09,3.011,3.011,2.935,2.935,71730,210527.55,,,,,,,,
2013-12-10,2.935,2.973,2.897,2.954,93040,274840.16000000003,,,,,,,,
2013-12-11,2.954,2.954,2.821,2.821,303960,857471.16,,,,,,,,
2013-12-12,2.802,2.84,2.783,2.84,94680,268891.2,,,,,,,,
2013-12-13,2.783,2.859,2.783,2.859,30680,87714.12,,,,,,,,
2013-12-16,2.802,2.84,2.802,2.84,88150,250346.0,,,,,,,,
2013-12-17,2.802,2.859,2.802,2.859,75410,215597.19,,,,,,,,
2013-12-18,2.859,2.878,2.84,2.878,112220,322969.16000000003,,,,,,,,
2013-12-19,2.878,2.916,2.878,2.916,116170,338751.72,,,,,,,,
2013-12-20,2.935,2.935,2.897,2.897,39200,113562.4,,,,,,,,
2013-12-23,2.878,2.916,2.878,2.897,115870,335675.39,,,,,,,,
2013-12-24,2.916,2.916,2.878,2.897,178800,517983.6,,,,,,,,
2013-12-25,2.897,2.935,2.897,2.935,101510,297931.85,,,,,,,,
2013-12-26,2.935,2.954,2.916,2.935,75700,222179.5,,,,,,,,
2013-12-27,2.935,2.954,2.916,2.935,46730,137152.55,,,,,,,,
2013-12-30,2.935,2.935,2.821,2.84,112260,318818.4,,,,,,,,
2013-12-31,2.859,2.859,2.84,2.84,57970,164634.8,,,,,,,,
2014-01-02,2.84,2.916,2.84,2.878,43240,124444.72,,,,,,,,
2014-01-03,2.897,2.897,2.84,2.878,43640,125595.92,,,,,,,,
2014-01-06,2.878,2.916,2.859,2.878,121970,351029.66000000003,,,,,,,,
2014-01-07,2.897,2.916,2.878,2.897,159570,462274.29,,,,,,,,
2014-01-08,2.916,2.992,2.897,2.992,113140,338514.88,,,,,,,,
2014-01-09,3.03,3.03,2.973,3.011,80220,241542.42,,,,,,,,
2014-01-10,2.992,2.992,2.897,2.973,191940,570637.62,,,,,,,,
2014-01-13,2.954,2.954,2.878,2.897,105770,306415.69,,,,,,,,
2014-01-14,2.897,2.935,2.897,2.897,125230,362791.31,,,,,,,,
2014-01-15,2.878,2.935,2.878,2.897,75460,218607.62,,,,,,,,
2014-01-16,2.897,2.954,2.878,2.935,186840,548375.4,,,,,,,,
2014-01-17,2.973,2.992,2.935,2.954,173450,512371.3000000001,,,,,,,,
2014-01-20,2.992,3.011,2.954,3.011,175720,529092.92,,,,,,,,
2014-01-21,3.011,3.03,2.954,2.973,75370,224075.01,,,,,,,,
2014-01-22,2.992,3.011,2.954,2.973,153900,457544.7,,,,,,,,
2014-01-23,2.992,3.143,2.973,3.049,165330,504091.17,,,,,,,,
2014-01-24,3.086,3.086,3.03,3.049,83140,253493.86,,,,,,,,
2014-01-27,3.068,3.068,3.03,3.068,96930,297381.24,,,,,,,,
2014-02-06,3.068,3.105,3.03,3.03,133640,404929.2,,,,,,,,
2014-02-07,3.068,3.068,2.973,2.992,146290,437699.68,,,,,,,,
2014-02-10,2.954,3.011,2.954,2.992,117940,352876.48,,,,,,,,
2014-02-11,3.2,3.2,3.105,3.2,800600,2561920.0,,,,,,,,
2014-02-12,3.238,3.37,3.219,3.333,256490,854881.17,,,,,,,,
2014-02-13,3.314,3.314,3.181,3.295,203410,670235.95,,,,,,,,
2014-02-14,3.295,3.295,3.181,3.276,283670,929302.92,,,,,,,,
2014-02-17,3.276,3.503,3.219,3.446,435230,1499802.58,,,,,,,,
2014-02-18,3.37,3.465,3.37,3.465,120200,416493.0,,,,,,,,
2014-02-19,3.465,3.465,3.389,3.408,88970,303209.76,,,,,,,,
2014-02-20,3.389,3.408,3.181,3.238,241270,781232.26,,,,,,,,
2014-02-21,3.219,3.238,3.143,3.238,99030,320659.14,,,,,,,,
2014-02-24,3.257,3.333,3.257,3.276,156900,514004.4,,,,,,,,
2014-02-25,3.295,3.333,3.276,3.295,87370,287884.15,,,,,,,,
2014-02-26,3.276,3.522,3.276,3.522,496910,1750117.0199999998,,,,,,,,
2014-02-27,3.711,3.768,3.673,3.673,848870,3117899.51,,,,,,,,
2014-02-28,3.636,3.711,3.541,3.692,183580,677777.36,,,,,,,,
2014-03-03,3.617,3.673,3.446,3.446,257580,887620.68,,,,,,,,
2014-03-04,3.408,3.427,3.295,3.333,444710,1482218.4300000002,,,,,,,,
2014-03-05,3.427,3.484,3.333,3.484,368240,1282948.16,,,,,,,,
2014-03-06,3.484,3.56,3.352,3.56,163360,581561.6,,,,,,,,
2014-03-07,3.503,3.598,3.503,3.541,228850,810357.85,,,,,,,,
2014-03-10,3.541,3.617,3.522,3.579,253490,907240.71,,,,,,,,
2014-03-11,3.56,3.579,3.503,3.503,118060,413564.18,,,,,,,,
2014-03-12,3.484,3.522,3.408,3.446,183140,631100.4400000001,,,,,,,,
2014-03-13,3.446,3.484,3.333,3.389,205490,696405.61,,,,,,,,
2014-03-14,3.408,3.503,3.389,3.427,294530,1009354.31,,,,,,,,
2014-03-17,3.598,3.598,3.446,3.465,164710,570720.15,,,,,,,,
2014-03-18,3.484,3.522,3.446,3.484,228350,795571.4,,,,,,,,
2014-03-19,3.465,3.541,3.333,3.503,256310,897853.93,,,,,,,,
2014-03-20,3.503,3.673,3.484,3.617,316920,1146299.64,,,,,,,,
2014-03-21,3.636,3.73,3.598,3.673,427550,1570391.15,,,,,,,,
2014-03-24,3.673,3.844,3.636,3.787,596990,2260801.13,,,,,,,,
2014-03-25,3.73,3.806,3.636,3.636,550500,2001618.0,,,,,,,,
2014-03-26,3.673,3.73,3.484,3.541,774150,2741265.15,,,,,,,,
2014-03-27,3.446,3.541,3.427,3.503,232860,815708.5800000001,,,,,,,,
2014-03-28,3.541,3.617,3.522,3.541,138980,492128.18,,,,,,,,
2014-03-31,3.56,3.56,3.389,3.408,317330,1081460.64,,,,,,,,
2014-04-01,3.352,3.389,3.238,3.257,306800,999247.6,,,,,,,,
2014-04-02,3.295,3.295,3.068,3.181,138850,441681.85,,,,,,,,
2014-04-03,3.219,3.276,3.181,3.276,253740,831252.24,,,,,,,,
2014-04-04,3.276,3.37,3.238,3.352,214710,719707.9199999999,,,,,,,,
2014-04-07,3.314,3.37,3.295,3.352,78310,262495.12,,,,,,,,
2014-04-08,3.37,3.37,3.314,3.37,97470,328473.9,,,,,,,,
2014-04-10,3.352,3.352,3.295,3.295,84270,277669.65,,,,,,,,
2014-04-11,3.238,3.295,3.219,3.219,154760,498172.44,,,,,,,,
2014-04-14,3.238,3.295,3.181,3.181,108960,346601.76,,,,,,,,
2014-04-15,3.181,3.2,3.105,3.105,67840,210643.2,,,,,,,,
2014-04-16,3.068,3.068,2.897,2.935,298490,876068.15,,,,,,,,
2014-04-17,2.973,2.992,2.954,2.992,227520,680739.84,,,,,,,,
2014-04-18,2.992,2.992,2.859,2.859,127560,364694.04,,,,,,,,
2014-04-21,2.84,2.859,2.708,2.746,128630,353217.98,,,,,,,,
2014-04-22,2.783,2.935,2.708,2.935,166130,487591.55,,,,,,,,
2014-04-23,2.935,2.992,2.878,2.916,72350,210972.6,,,,,,,,
2014-04-24,2.916,2.973,2.821,2.916,75730,220828.68,,,,,,,,
2014-04-25,2.954,2.954,2.897,2.916,33220,96869.52,,,,,,,,
2014-04-28,2.916,2.973,2.897,2.916,46330,135098.28,,,,,,,,
2014-04-29,2.916,2.916,2.84,2.878,92260,265524.28,,,,,,,,
2014-05-05,2.916,2.916,2.746,2.783,95190,264913.77,,,,,,,,
2014-05-06,2.765,2.783,2.651,2.746,230850,633914.1,,,,,,,,
2014-05-07,2.783,2.783,2.708,2.708,45960,124459.68,,,,,,,,
2014-05-08,2.651,2.651,2.518,2.518,590620,1487181.16,,,,,,,,
2014-05-09,2.424,2.594,2.424,2.594,71190,184666.86,,,,,,,,
2014-05-12,2.518,2.518,2.424,2.424,283210,686501.04,,,,,,,,
2014-05-13,2.424,2.462,2.329,2.424,137940,334366.56,,,,,,,,
2014-05-14,2.424,2.556,2.386,2.556,154190,394109.64,,,,,,,,
2014-05-15,2.594,2.651,2.443,2.537,295070,748592.59,,,,,,,,
2014-05-16,2.613,2.632,2.537,2.613,42420,110843.46,,,,,,,,
2014-05-19,2.613,2.651,2.556,2.556,68130,174140.28,,,,,,,,
2014-05-20,2.651,2.689,2.575,2.651,90050,238722.55,,,,,,,,
2014-05-21,2.651,2.765,2.651,2.727,105970,288980.19,,,,,,,,
2014-05-22,2.746,2.783,2.632,2.632,77020,202716.64,,,,,,,,
2014-05-23,2.575,2.727,2.575,2.67,73490,196218.3,,,,,,,,
2014-05-26,2.613,2.67,2.556,2.632,36290,95515.28,,,,,,,,
2014-05-27,2.632,2.727,2.632,2.727,81990,223586.73,,,,,,,,
2014-05-28,2.746,2.765,2.67,2.727,61780,168474.06,,,,,,,,
2014-05-29,2.67,2.746,2.67,2.708,143480,388543.84,,,,,,,,
2014-05-30,2.689,2.727,2.689,2.727,47800,130350.6,,,,,,,,
2014-06-02,2.689,2.727,2.67,2.708,33400,90447.2,,,,,,,,
2014-06-03,2.67,2.708,2.651,2.708,64560,174828.48,,,,,,,,
2014-06-04,2.708,2.708,2.613,2.67,73810,197072.7,,,,,,,,
2014-06-05,2.651,2.67,2.651,2.67,18910,50489.7,,,,,,,,
2014-06-06,2.689,2.727,2.67,2.727,16570,45186.39,,,,,,,,
2014-06-09,2.67,2.783,2.67,2.727,92130,251238.51,,,,,,,,
2014-06-10,2.727,2.746,2.727,2.746,14340,39377.64,,,,,,,,
2014-06-11,2.708,2.765,2.708,2.746,16470,45226.62,,,,,,,,
2014-06-12,2.727,2.783,2.727,2.783,14710,40937.93,,,,,,,,
2014-06-13,2.783,2.783,2.746,2.783,66950,186321.85,,,,,,,,
2014-06-16,2.783,2.802,2.765,2.783,11610,32310.63,,,,,,,,
2014-06-17,2.783,2.783,2.765,2.783,19610,54574.63,,,,,,,,
2014-06-18,2.783,2.878,2.783,2.821,243000,685503.0,,,,,,,,
2014-06-19,2.802,2.973,2.727,2.973,214230,636905.7899999999,,,,,,,,
2014-06-20,2.992,3.011,2.878,2.878,109870,316205.86,,,,,,,,
2014-06-23,2.859,2.897,2.859,2.859,89390,255566.01,,,,,,,,
2014-06-24,2.84,2.916,2.84,2.916,188240,548907.84,,,,,,,,
2014-06-25,2.859,2.935,2.859,2.935,24890,73052.15,,,,,,,,
2014-06-26,2.935,2.954,2.859,2.935,76110,223382.85,,,,,,,,
2014-06-27,2.916,2.916,2.897,2.916,66220,193097.52,,,,,,,,
2014-06-30,2.897,2.916,2.897,2.897,40770,118110.69,,,,,,,,
2014-07-01,2.859,2.916,2.859,2.897,61790,179005.62999999998,,,,,,,,
2014-07-02,2.916,2.954,2.916,2.935,85720,251588.2,,,,,,,,
2014-07-03,2.954,3.011,2.935,2.992,92300,276161.6,,,,,,,,
2014-07-04,3.011,3.011,2.954,2.992,64310,192415.52,,,,,,,,
2014-07-07,3.011,3.011,2.992,2.992,70220,210098.24,,,,,,,,
2014-07-08,2.954,2.992,2.916,2.954,72900,215346.6,,,,,,,,
2014-07-09,2.973,2.973,2.935,2.954,42940,126844.76,,,,,,,,
2014-07-10,2.935,2.973,2.897,2.935,63120,185257.2,,,,,,,,
2014-07-11,2.916,2.935,2.916,2.916,59120,172393.91999999998,,,,,,,,
2014-07-14,2.897,2.954,2.897,2.954,40450,119489.3,,,,,,,,
2014-07-15,2.954,2.973,2.935,2.973,116350,345908.55,,,,,,,,
2014-07-16,2.992,3.068,2.973,3.011,174550,525570.05,,,,,,,,
2014-07-17,3.03,3.124,3.011,3.086,246420,760452.12,,,,,,,,
2014-07-18,3.086,3.124,3.03,3.068,306370,939943.16,,,,,,,,
2014-07-21,3.068,3.086,3.011,3.03,115030,348540.9,,,,,,,,
2014-07-22,2.992,3.068,2.992,3.03,136160,412564.8,,,,,,,,
2014-07-23,3.03,3.03,2.992,3.011,96800,291464.8,,,,,,,,
2014-07-24,3.011,3.03,2.992,3.011,47340,142540.74000000002,,,,,,,,
2014-07-25,3.011,3.03,2.992,2.992,70620,211295.04,,,,,,,,
2014-07-28,2.916,2.992,2.84,2.84,106160,301494.4,,,,,,,,
2014-07-29,2.859,2.859,2.821,2.859,23730,67844.06999999999,,,,,,,,
2014-07-30,2.897,2.916,2.84,2.859,26000,74334.0,,,,,,,,
2014-07-31,2.878,2.897,2.859,2.878,27860,80181.08,,,,,,,,
2014-08-01,2.84,2.878,2.821,2.84,30510,86648.4,,,,,,,,
2014-08-04,2.84,2.878,2.84,2.859,53040,151641.36,,,,,,,,
2014-08-05,2.859,2.897,2.859,2.897,35440,102669.68,,,,,,,,
2014-08-06,2.897,2.935,2.897,2.897,37490,108608.53,,,,,,,,
2014-08-07,2.897,2.916,2.859,2.897,54070,156640.78999999998,,,,,,,,
2014-08-08,2.897,2.897,2.859,2.897,36320,105219.04,,,,,,,,
2014-08-11,2.897,2.916,2.897,2.897,45140,130770.58,,,,,,,,
2014-08-12,2.897,2.916,2.878,2.897,27930,80913.20999999999,,,,,,,,
2014-08-13,2.878,2.916,2.878,2.897,72250,209308.25,,,,,,,,
2014-08-14,2.897,3.011,2.897,2.954,182990,540552.4600000001,,,,,,,,
2014-08-15,2.973,3.03,2.935,2.992,153010,457805.92,,,,,,,,
2014-08-18,3.011,3.124,3.011,3.068,260460,799091.28,,,,,,,,
2014-08-19,3.124,3.124,3.03,3.086,125740,388033.64,,,,,,,,
2014-08-20,3.086,3.086,3.049,3.068,74240,227768.32,,,,,,,,
2014-08-21,3.068,3.086,3.03,3.068,137670,422371.56,,,,,,,,
2014-08-22,3.068,3.068,2.992,2.992,67250,201212.0,,,,,,,,
2014-08-25,3.049,3.049,2.992,2.992,109420,327384.64,,,,,,,,
2014-08-26,2.992,3.105,2.992,3.105,293030,909858.15,,,,,,,,
2014-08-27,3.124,3.124,3.03,3.03,107660,326209.8,,,,,,,,
2014-08-28,3.03,3.086,3.03,3.086,94180,290639.48,,,,,,,,
2014-08-29,3.049,3.124,3.049,3.086,147080,453888.88,,,,,,,,
2014-09-03,3.124,3.124,3.086,3.105,144970,450131.85,,,,,,,,
2014-09-04,3.086,3.124,3.068,3.124,158070,493810.68,,,,,,,,
2014-09-05,3.124,3.181,3.105,3.124,200640,626799.36,,,,,,,,
2014-09-08,3.124,3.333,3.124,3.276,422530,1384208.28,,,,,,,,
2014-09-09,3.276,3.276,3.105,3.143,210150,660501.45,,,,,,,,
2014-09-10,3.086,3.162,3.049,3.162,114670,362586.54,,,,,,,,
2014-09-11,3.124,3.219,3.124,3.162,129290,408814.98,,,,,,,,
2014-09-12,3.2,3.2,3.162,3.162,110280,348705.36,,,,,,,,
2014-09-15,3.162,3.219,3.162,3.162,214100,676984.2,,,,,,,,
2014-09-16,3.124,3.162,3.068,3.143,78840,247794.12,,,,,,,,
2014-09-17,3.105,3.162,3.105,3.105,126340,392285.7,,,,,,,,
2014-09-18,3.124,3.124,3.011,3.011,118720,357465.92000000004,,,,,,,,
2014-09-19,3.011,3.105,3.011,3.105,78110,242531.55,,,,,,,,
2014-09-22,3.105,3.105,3.068,3.105,64610,200614.05,,,,,,,,
2014-09-23,3.068,3.124,3.068,3.086,49620,153127.32,,,,,,,,
2014-09-24,3.086,3.105,3.068,3.086,75210,232098.06,,,,,,,,
2014-09-25,3.068,3.086,3.03,3.086,147370,454783.82,,,,,,,,
2014-09-26,3.086,3.143,3.086,3.124,59530,185971.72,,,,,,,,
2014-09-29,3.086,3.124,3.086,3.124,52330,163478.92,,,,,,,,
2014-09-30,3.086,3.124,3.068,3.124,73100,228364.4,,,,,,,,
2014-10-01,3.124,3.143,3.105,3.143,94440,296824.92,,,,,,,,
2014-10-02,3.143,3.162,3.124,3.162,60020,189783.24,,,,,,,,
2014-10-03,3.181,3.37,3.181,3.37,904570,3048400.9,,,,,,,,
2014-10-06,3.37,3.37,3.276,3.352,107090,358965.68,,,,,,,,
2014-10-07,3.314,3.389,3.276,3.276,96510,316166.76,,,,,,,,
2014-10-08,3.276,3.333,3.219,3.257,160980,524311.86,,,,,,,,
2014-10-09,3.276,3.389,3.276,3.295,209420,690038.9,,,,,,,,
2014-10-10,3.37,3.408,3.295,3.314,348800,1155923.2,,,,,,,,
2014-10-13,3.333,3.484,3.333,3.446,260940,899199.24,,,,,,,,
2014-10-14,3.446,3.446,3.257,3.276,233030,763406.2799999999,,,,,,,,
2014-10-15,3.276,3.295,3.2,3.219,325320,1047205.08,,,,,,,,
2014-10-16,3.181,3.238,3.068,3.124,372310,1163096.44,,,,,,,,
2014-10-17,3.162,3.181,3.086,3.105,335580,1041975.9,,,,,,,,
2014-10-20,3.162,3.181,3.086,3.143,192850,606127.5499999999,,,,,,,,
2014-10-21,3.143,3.238,3.124,3.162,172280,544749.36,,,,,,,,
2014-10-22,3.219,3.219,3.143,3.181,249630,794073.03,,,,,,,,
2014-10-23,3.263,3.283,3.181,3.222,234530,755655.66,,,,,,,,
2014-10-24,3.222,3.242,3.201,3.242,166540,539922.68,,,,,,,,
2014-10-27,3.181,3.181,3.079,3.079,115860,356732.94,,,,,,,,
2014-10-28,3.14,3.14,3.038,3.079,116780,359565.62,,,,,,,,
2014-10-29,3.12,3.12,3.059,3.099,78040,241845.96,,,,,,,,
2014-10-30,3.099,3.12,3.099,3.099,111290,344887.71,,,,,,,,
2014-10-31,3.14,3.14,3.079,3.12,109240,340828.8,,,,,,,,
2014-11-03,3.12,3.201,3.099,3.201,152700,488792.7,,,,,,,,
2014-11-04,3.161,3.201,3.14,3.201,43410,138955.41,,,,,,,,
2014-11-05,3.14,3.181,3.099,3.181,73270,233071.87,,,,,,,,
2014-11-06,3.12,3.181,3.099,3.161,71240,225189.64,,,,,,,,
2014-11-07,3.14,3.181,3.12,3.14,44080,138411.2,,,,,,,,
2014-11-10,3.161,3.201,3.14,3.161,47370,149736.57,,,,,,,,
2014-11-11,3.161,3.181,3.161,3.181,105030,334100.43,,,,,,,,
2014-11-12,3.201,3.201,3.161,3.181,61500,195631.5,,,,,,,,
2014-11-13,3.201,3.222,3.161,3.181,102730,326784.13,,,,,,,,
2014-11-14,3.201,3.385,3.181,3.365,460360,1549111.4,,,,,,,,
2014-11-17,3.426,3.507,3.426,3.467,278410,965247.47,,,,,,,,
2014-11-18,3.487,3.609,3.467,3.528,410530,1448349.84,,,,,,,,
2014-11-19,3.528,3.548,3.446,3.446,198090,682618.14,,,,,,,,
2014-11-20,3.446,3.568,3.446,3.507,172370,604501.59,,,,,,,,
2014-11-21,3.467,3.528,3.426,3.446,215190,741544.74,,,,,,,,
2014-11-24,3.426,3.426,3.385,3.385,146690,496545.65,,,,,,,,
2014-11-25,3.405,3.568,3.385,3.548,96870,343694.76,,,,,,,,
2014-11-26,3.467,3.528,3.385,3.467,130370,451992.79,,,,,,,,
2014-11-27,3.467,3.467,3.405,3.467,63940,221679.98,,,,,,,,
2014-11-28,3.467,3.548,3.446,3.467,130170,451299.39,,,,,,,,
2014-12-01,3.467,3.548,3.467,3.507,72740,255099.18,,,,,,,,
2014-12-02,3.507,3.528,3.507,3.507,73770,258711.39,,,,,,,,
2014-12-03,3.507,3.528,3.467,3.487,85580,298417.46,,,,,,,,
2014-12-04,3.507,3.67,3.507,3.548,425260,1508822.48,,,,,,,,
2014-12-05,3.589,3.589,3.507,3.548,105480,374243.04,,,,,,,,
2014-12-08,3.548,3.548,3.487,3.487,79250,276344.75,,,,,,,,
2014-12-09,3.467,3.487,3.324,3.324,269760,896682.24,,,,,,,,
2014-12-10,3.385,3.446,3.303,3.426,111740,382821.24,,,,,,,,
2014-12-11,3.365,3.446,3.365,3.405,97270,331204.35,,,,,,,,
2014-12-12,3.405,3.487,3.405,3.487,138030,481310.61,,,,,,,,
2014-12-15,3.487,3.487,3.405,3.405,65730,223810.65,,,,,,,,
2014-12-16,3.405,3.426,3.324,3.385,91340,309185.9,,,,,,,,
2014-12-17,3.385,3.385,3.161,3.161,399810,1263799.41,,,,,,,,
2014-12-18,3.201,3.283,3.201,3.201,92940,297500.94,,,,,,,,
2014-12-19,3.222,3.242,3.14,3.14,113190,355416.60000000003,,,,,,,,
2014-12-22,3.161,3.263,3.161,3.201,20540,65748.54000000001,,,,,,,,
2014-12-23,3.181,3.242,3.161,3.201,41600,133161.6,,,,,,,,
2014-12-24,3.242,3.242,3.181,3.181,69810,222065.61,,,,,,,,
2014-12-25,3.201,3.201,3.14,3.181,62550,198971.55,,,,,,,,
2014-12-26,3.14,3.161,3.12,3.14,53560,168178.4,,,,,,,,
2014-12-29,3.14,3.14,3.038,3.079,81570,251154.03000000003,,,,,,,,
2014-12-30,3.079,3.161,3.018,3.14,33150,104091.0,,,,,,,,
2014-12-31,3.14,3.263,3.14,3.263,66160,215880.08,,,,,,,,
2015-01-05,3.263,3.263,3.222,3.263,13850,45192.55,,,,,,,,
2015-01-06,3.201,3.324,3.161,3.263,71980,234870.74,,,,,,,,
2015-01-07,3.263,3.263,3.201,3.201,32310,103424.31,,,,,,,,
2015-01-08,3.242,3.263,3.201,3.222,29430,94823.46,,,,,,,,
2015-01-09,3.242,3.303,3.242,3.283,74570,244813.31,,,,,,,,
2015-01-12,3.303,3.365,3.263,3.263,78380,255753.94,,,,,,,,
2015-01-13,3.303,3.303,3.263,3.283,70410,231156.03,,,,,,,,
2015-01-14,3.303,3.303,3.222,3.303,45750,151112.25,,,,,,,,
2015-01-15,3.283,3.324,3.263,3.283,77420,254169.86,,,,,,,,
2015-01-16,3.283,3.303,3.283,3.283,26830,88082.89,,,,,,,,
2015-01-19,3.324,3.446,3.324,3.324,377320,1254211.68,,,,,,,,
2015-01-20,3.344,3.446,3.344,3.385,155740,527179.9,,,,,,,,
2015-01-21,3.365,3.405,3.365,3.405,43440,147913.19999999998,,,,,,,,
2015-01-22,3.385,3.405,3.365,3.365,52050,175148.25,,,,,,,,
2015-01-23,3.405,3.405,3.365,3.385,62020,209937.7,,,,,,,,
2015-01-26,3.385,3.446,3.385,3.426,55290,189423.54,,,,,,,,
2015-01-27,3.446,3.467,3.365,3.405,130570,444590.85,,,,,,,,
2015-01-28,3.405,3.446,3.385,3.426,89530,306729.78,,,,,,,,
2015-01-29,3.446,3.446,3.405,3.426,50900,174383.4,,,,,,,,
2015-01-30,3.426,3.426,3.344,3.365,86350,290567.75,,,,,,,,
2015-02-02,3.385,3.385,3.324,3.324,31030,103143.72,,,,,,,,
2015-02-03,3.365,3.365,3.222,3.263,160630,524135.69,,,,,,,,
2015-02-04,3.283,3.365,3.283,3.365,44000,148060.0,,,,,,,,
2015-02-05,3.344,3.344,3.344,3.344,1100,3678.4,,,,,,,,
2015-02-06,3.303,3.385,3.303,3.344,69420,232140.48,,,,,,,,
2015-02-09,3.344,3.344,3.303,3.303,37340,123334.02,,,,,,,,
2015-02-10,3.324,3.324,3.303,3.303,19720,65135.16,,,,,,,,
2015-02-11,3.324,3.385,3.303,3.324,11400,37893.6,,,,,,,,
2015-02-12,3.385,3.385,3.344,3.365,19930,67064.45,,,,,,,,
2015-02-13,3.385,3.405,3.365,3.365,24540,82577.1,,,,,,,,
2015-02-24,3.365,3.405,3.324,3.405,3550,12087.75,,,,,,,,
2015-02-25,3.365,3.405,3.365,3.405,12370,42119.85,,,,,,,,
2015-02-26,3.385,3.426,3.365,3.426,28290,96921.54,,,,,,,,
2015-02-27,3.426,3.446,3.405,3.405,68060,231744.3,,,,,,,,
2015-03-02,3.385,3.63,3.385,3.609,383130,1382716.17,,,,,,,,
2015-03-03,3.67,3.813,3.67,3.732,411580,1536016.56,,,,,,,,
2015-03-04,3.752,3.854,3.752,3.854,364570,1405052.78,,,,,,,,
2015-03-05,3.874,3.976,3.874,3.895,428510,1669046.45,,,,,,,,
2015-03-06,3.915,4.037,3.895,4.017,339270,1362847.59,,,,,,,,
2015-03-09,4.017,4.017,3.956,3.976,286510,1139163.76,,,,,,,,
2015-03-10,3.956,4.16,3.956,4.058,335480,1361377.84,,,,,,,,
2015-03-11,4.037,4.119,3.997,4.037,196760,794320.12,,,,,,,,
2015-03-12,4.017,4.017,3.976,3.976,212770,845973.52,,,,,,,,
2015-03-13,3.976,3.976,3.834,3.834,262620,1006885.08,,,,,,,,
2015-03-16,3.834,3.997,3.793,3.895,221350,862158.25,,,,,,,,
2015-03-17,3.956,4.037,3.956,4.017,254200,1021121.4,,,,,,,,
2015-03-18,4.037,4.139,4.017,4.058,421640,1711015.12,,,,,,,,
2015-03-19,4.058,4.139,4.058,4.078,59020,240683.56000000003,,,,,,,,
2015-03-20,4.078,4.099,3.997,4.058,112490,456484.42,,,,,,,,
2015-03-23,4.017,4.058,3.874,3.997,80940,323517.18,,,,,,,,
2015-03-24,3.915,3.997,3.854,3.895,74540,290333.3,,,,,,,,
2015-03-25,3.956,4.037,3.915,3.915,73100,286186.5,,,,,,,,
2015-03-26,3.915,4.017,3.915,3.956,72110,285267.16,,,,,,,,
2015-03-27,3.956,3.997,3.915,3.936,91400,359750.4,,,,,,,,
2015-03-30,3.976,3.976,3.915,3.936,210540,828685.44,,,,,,,,
2015-03-31,3.997,3.997,3.936,3.956,149310,590670.36,,,,,,,,
2015-04-01,4.017,4.099,3.956,4.037,411880,1662759.56,,,,,,,,
2015-04-02,4.058,4.058,3.997,4.058,80720,327561.76,,,,,,,,
2015-04-03,4.058,4.323,4.058,4.323,373920,1616456.16,,,,,,,,
2015-04-06,4.547,4.568,4.445,4.486,218730,981222.78,,,,,,,,
2015-04-07,4.486,4.547,4.445,4.486,236710,1061881.06,,,,,,,,
2015-04-08,4.486,4.506,4.405,4.486,238950,1071929.7,,,,,,,,
2015-04-09,4.506,4.751,4.445,4.649,312650,1453509.85,,,,,,,,
2015-04-10,4.649,4.67,4.486,4.486,292920,1314039.12,,,,,,,,
2015-04-13,4.486,4.629,4.486,4.547,180270,819687.69,,,,,,,,
2015-04-14,4.547,4.629,4.262,4.303,571300,2458303.9,,,,,,,,
2015-04-15,4.303,4.466,4.18,4.323,585020,2529041.4600000004,,,,,,,,
2015-04-16,4.445,4.466,4.323,4.405,192760,849107.8,,,,,,,,
2015-04-17,4.405,4.486,4.364,4.466,167900,749841.4,,,,,,,,
2015-04-20,4.466,4.466,4.323,4.364,148450,647835.7999999999,,,,,,,,
2015-04-21,4.364,4.588,4.343,4.486,261440,1172819.84,,,,,,,,
2015-04-22,4.547,4.568,4.405,4.445,79950,355377.75,,,,,,,,
2015-04-23,4.527,4.527,4.343,4.445,147970,657726.65,,,,,,,,
2015-04-24,4.364,4.445,4.303,4.384,195190,855712.9600000001,,,,,,,,
2015-04-27,4.364,4.384,4.201,4.201,285110,1197747.11,,,,,,,,
2015-05-04,4.201,4.201,3.915,3.915,345180,1351379.7,,,,,,,,
2015-05-05,3.793,3.834,3.67,3.834,293930,1126927.62,,,,,,,,
2015-05-06,3.752,3.854,3.609,3.609,214990,775898.91,,,,,,,,
2015-05-07,3.548,3.834,3.548,3.834,282120,1081648.08,,,,,,,,
2015-05-08,3.874,3.915,3.752,3.874,50560,195869.44,,,,,,,,
2015-05-11,3.854,3.854,3.772,3.793,80880,306777.84,,,,,,,,
2015-05-12,3.772,3.834,3.711,3.793,248280,941726.04,,,,,,,,
2015-05-13,3.834,4.058,3.793,4.017,278650,1119337.05,,,,,,,,
2015-05-14,4.119,4.282,4.078,4.282,491870,2106187.34,,,,,,,,
2015-05-15,4.303,4.445,4.078,4.18,233920,977785.6,,,,,,,,
2015-05-18,4.058,4.18,3.956,3.997,321540,1285195.38,,,,,,,,
2015-05-19,3.997,4.262,3.997,4.262,334270,1424658.7399999998,,,,,,,,
2015-05-20,4.343,4.466,4.221,4.221,353650,1492756.65,,,,,,,,
2015-05-21,4.221,4.282,4.119,4.221,207520,875941.92,,,,,,,,
2015-05-22,4.221,4.323,4.16,4.16,191080,794892.8,,,,,,,,
2015-05-25,4.139,4.343,4.037,4.282,322650,1381587.3,,,,,,,,
2015-05-26,4.282,4.282,4.16,4.16,236720,984755.2,,,,,,,,
2015-05-27,4.221,4.221,4.078,4.139,228380,945264.82,,,,,,,,
2015-05-28,4.099,4.262,4.078,4.16,336990,1401878.4,,,,,,,,
2015-05-29,4.099,4.18,4.078,4.078,91610,373585.58,,,,,,,,
2015-06-01,4.078,4.099,4.017,4.017,104610,420218.37000000005,,,,,,,,
2015-06-02,3.997,4.037,3.936,3.936,182570,718595.52,,,,,,,,
2015-06-03,3.936,4.078,3.936,4.017,93250,374585.25000000006,,,,,,,,
2015-06-04,4.058,4.078,3.997,4.017,124780,501241.26000000007,,,,,,,,
2015-06-05,4.037,4.078,3.976,4.037,116240,469260.88,,,,,,,,
2015-06-08,4.058,4.078,3.997,4.017,206420,829189.14,,,,,,,,
2015-06-09,4.017,4.017,3.915,3.915,193850,758922.75,,,,,,,,
2015-06-10,3.976,3.976,3.854,3.915,144020,563838.3,,,,,,,,
2015-06-11,3.915,3.956,3.874,3.895,134330,523215.35,,,,,,,,
2015-06-12,3.895,4.058,3.854,4.017,301010,1209157.1700000002,,,,,,,,
2015-06-15,4.017,4.017,3.956,3.976,72500,288260.0,,,,,,,,
2015-06-16,3.976,4.119,3.976,4.017,214210,860481.5700000001,,,,,,,,
2015-06-17,3.976,4.262,3.936,4.221,626470,2644329.87,,,,,,,,
2015-06-18,4.262,4.262,4.18,4.201,151220,635275.22,,,,,,,,
2015-06-19,4.221,4.241,4.16,4.16,178120,740979.2000000001,,,,,,,,
2015-06-22,4.139,4.18,4.099,4.16,211640,880422.4,,,,,,,,
2015-06-23,4.119,4.201,4.099,4.119,98930,407492.67,,,,,,,,
2015-06-24,4.119,4.16,4.119,4.139,93250,385961.75,,,,,,,,
2015-06-25,4.16,4.16,4.099,4.099,82980,340135.02,,,,,,,,
2015-06-26,4.099,4.139,4.037,4.037,163380,659565.0599999999,,,,,,,,
2015-06-29,4.017,4.037,3.956,3.976,77030,306271.28,,,,,,,,
2015-06-30,3.976,3.997,3.895,3.956,105820,418623.92,,,,,,,,
2015-07-01,3.915,3.976,3.854,3.874,186120,721028.88,,,,,,,,
2015-07-02,3.874,4.017,3.874,4.017,89800,360726.6,,,,,,,,
2015-07-03,3.997,4.078,3.956,3.976,109990,437320.24,,,,,,,,
2015-07-06,3.997,4.058,3.997,4.058,149640,607239.12,,,,,,,,
2015-07-07,4.058,4.058,4.017,4.017,58960,236842.32,,,,,,,,
2015-07-08,4.017,4.017,3.956,3.997,189540,757591.38,,,,,,,,
2015-07-09,4.017,4.017,3.956,3.997,67030,267918.91,,,,,,,,
2015-07-10,3.997,4.017,3.956,3.976,86180,342651.68,,,,,,,,
2015-07-13,3.976,3.997,3.956,3.997,56220,224711.34,,,,,,,,
2015-07-14,3.997,4.18,3.997,4.139,253050,1047373.95,,,,,,,,
2015-07-15,4.119,4.139,4.078,4.119,98940,407533.86,,,,,,,,
2015-07-16,4.119,4.139,4.078,4.119,84710,348920.49,,,,,,,,
2015-07-17,4.119,4.262,4.119,4.16,221020,919443.2,,,,,,,,
2015-07-20,4.16,4.16,4.058,4.119,128510,529332.69,,,,,,,,
2015-07-21,4.099,4.18,4.037,4.099,73870,302793.13,,,,,,,,
2015-07-22,4.058,4.139,4.058,4.119,119970,494156.43,,,,,,,,
2015-07-23,4.099,4.343,4.099,4.282,420060,1798696.92,,,,,,,,
2015-07-24,4.282,4.405,4.241,4.323,231240,999650.52,,,,,,,,
2015-07-27,4.343,4.425,4.303,4.384,140730,616960.3200000001,,,,,,,,
2015-07-28,4.384,4.466,4.323,4.323,298710,1291323.33,,,,,,,,
2015-07-29,4.323,4.384,4.282,4.282,248660,1064762.12,,,,,,,,
2015-07-30,4.425,4.445,4.323,4.323,217030,938220.69,,,,,,,,
2015-07-31,4.384,4.425,4.323,4.323,137920,596228.16,,,,,,,,
2015-08-03,4.323,4.323,4.119,4.201,83850,352253.85,,,,,,,,
2015-08-04,4.201,4.241,4.099,4.18,43310,181035.8,,,,,,,,
2015-08-05,4.201,4.262,4.16,4.241,91690,388857.29,,,,,,,,
2015-08-06,4.241,4.282,4.18,4.262,63480,270551.75999999995,,,,,,,,
2015-08-07,4.262,4.262,4.201,4.241,22190,94107.79,,,,,,,,
2015-08-10,4.282,4.303,4.241,4.303,60870,261923.61,,,,,,,,
2015-08-11,4.343,4.343,4.262,4.303,83830,360720.49,,,,,,,,
2015-08-12,4.262,4.262,4.18,4.241,73610,312180.00999999995,,,,,,,,
2015-08-13,4.139,4.201,4.099,4.119,64270,264728.13,,,,,,,,
2015-08-14,4.099,4.241,4.099,4.16,61830,257212.8,,,,,,,,
2015-08-17,4.18,4.241,4.16,4.16,126180,524908.8,,,,,,,,
2015-08-18,4.16,4.221,4.16,4.221,46110,194630.31,,,,,,,,
2015-08-19,4.139,4.221,4.139,4.18,64400,269192.0,,,,,,,,
2015-08-20,4.201,4.201,4.16,4.18,64730,270571.4,,,,,,,,
2015-08-21,4.18,4.18,4.078,4.139,151410,626685.99,,,,,,,,
2015-08-24,4.017,4.078,3.854,3.854,182070,701697.78,,,,,,,,
2015-08-25,3.732,3.997,3.732,3.895,188090,732610.55,,,,,,,,
2015-08-26,4.139,4.139,3.936,4.017,84140,337990.38,,,,,,,,
2015-08-27,4.078,4.099,4.017,4.099,49980,204868.02,,,,,,,,
2015-08-28,4.058,4.139,4.058,4.099,60910,249670.09000000003,,,,,,,,
2015-08-31,4.099,4.16,4.099,4.16,76460,318073.60000000003,,,,,,,,
2015-09-01,4.16,4.18,4.16,4.18,28490,119088.2,,,,,,,,
2015-09-03,4.18,4.201,4.139,4.16,49930,207708.8,,,,,,,,
2015-09-04,4.18,4.18,4.16,4.18,24540,102577.2,,,,,,,,
2015-09-07,4.16,4.18,4.16,4.18,24730,103371.4,,,,,,,,
2015-09-08,4.078,4.241,4.078,4.221,67170,283524.57,,,,,,,,
2015-09-09,4.241,4.262,4.201,4.221,32820,138533.22,,,,,,,,
2015-09-10,4.221,4.262,4.221,4.221,19850,83786.85,,,,,,,,
2015-09-11,4.241,4.364,4.241,4.282,88120,377329.84,,,,,,,,
2015-09-14,4.282,4.384,4.241,4.343,172580,749514.94,,,,,,,,
2015-09-15,4.343,4.364,4.282,4.282,48920,209475.44,,,,,,,,
2015-09-16,4.323,4.343,4.262,4.323,80080,346185.84,,,,,,,,
2015-09-17,4.323,4.405,4.323,4.343,70710,307093.53,,,,,,,,
2015-09-18,4.384,4.405,4.364,4.364,75880,331140.32,,,,,,,,
2015-09-21,4.364,4.384,4.282,4.364,44930,196074.52,,,,,,,,
2015-09-22,4.364,4.384,4.303,4.364,90340,394243.76,,,,,,,,
2015-09-23,4.385,4.493,4.385,4.45,23550,104797.5,,,,,,,,
2015-09-24,4.493,4.493,4.407,4.429,36970,163740.13,,,,,,,,
2015-09-25,4.45,4.493,4.385,4.493,33600,150964.80000000002,,,,,,,,
2015-09-28,4.493,4.537,4.493,4.493,48630,218494.59000000003,,,,,,,,
2015-09-29,4.645,4.645,4.493,4.515,66540,300428.1,,,,,,,,
2015-09-30,4.623,4.623,4.515,4.537,48050,218002.85,,,,,,,,
2015-10-01,4.58,4.839,4.537,4.839,239510,1158988.89,,,,,,,,
2015-10-02,4.969,5.142,4.904,5.098,188980,963420.04,,,,,,,,
2015-10-05,5.185,5.185,4.969,5.098,96920,494098.16,,,,,,,,
2015-10-06,5.098,5.163,5.012,5.098,166720,849938.5599999999,,,,,,,,
2015-10-07,5.12,5.379,5.055,5.293,238710,1263492.03,,,,,,,,
2015-10-08,5.314,5.595,5.314,5.509,213420,1175730.78,,,,,,,,
2015-10-09,5.509,5.552,5.422,5.509,139710,769662.39,,,,,,,,
2015-10-12,5.509,5.79,5.509,5.79,165180,956392.2,,,,,,,,
2015-10-13,5.79,6.179,5.746,6.179,390890,2415309.31,,,,,,,,
2015-10-14,6.179,6.416,6.027,6.135,213530,1310006.55,,,,,,,,
2015-10-15,6.135,6.2,6.049,6.2,96660,599292.0,,,,,,,,
2015-10-16,6.265,6.308,5.984,6.049,158320,957677.68,,,,,,,,
2015-10-19,5.984,6.265,5.984,6.157,189570,1167182.49,,,,,,,,
2015-10-20,6.265,6.265,6.092,6.2,72610,450182.0,,,,,,,,
2015-10-21,6.243,6.632,6.2,6.632,361450,2397136.4,,,,,,,,
2015-10-22,6.697,7.021,6.632,6.87,190760,1310521.2,,,,,,,,
2015-10-23,7.086,7.345,6.87,7.345,264650,1943854.25,,,,,,,,
2015-10-26,7.345,7.518,7.129,7.323,222530,1629587.1900000002,,,,,,,,
2015-10-27,7.215,7.82,7.215,7.734,714990,5529732.66,,,,,,,,
2015-10-28,7.734,8.101,7.734,7.885,355000,2799175.0,,,,,,,,
2015-10-29,7.928,7.972,7.626,7.928,140560,1114359.68,,,,,,,,
2015-10-30,7.777,7.907,7.388,7.388,258480,1909650.24,,,,,,,,
2015-11-02,7.021,7.107,6.891,6.891,374640,2581644.24,,,,,,,,
2015-11-03,6.675,7.129,6.546,6.848,159300,1090886.4,,,,,,,,
2015-11-04,7.107,7.107,6.481,6.719,158860,1067380.34,,,,,,,,
2015-11-05,6.913,6.913,6.546,6.589,68040,448315.56000000006,,,,,,,,
2015-11-06,6.589,6.589,6.287,6.351,73110,464321.61,,,,,,,,
2015-11-09,6.157,6.783,6.157,6.783,187690,1273101.27,,,,,,,,
2015-11-10,6.913,7.215,6.805,7.215,223070,1609450.05,,,,,,,,
2015-11-11,7.237,7.432,7.215,7.215,247160,1783259.4,,,,,,,,
2015-11-12,7.215,7.215,6.913,7.129,102650,731791.85,,,,,,,,
2015-11-13,7.043,7.28,7.043,7.28,71670,521757.6,,,,,,,,
2015-11-16,7.28,7.669,7.237,7.496,362100,2714301.6,,,,,,,,
2015-11-17,7.561,7.583,7.259,7.259,94360,684959.24,,,,,,,,
2015-11-18,7.259,7.453,7.194,7.453,63600,474010.8000000001,,,,,,,,
2015-11-19,7.453,7.453,7.302,7.345,100470,737952.15,,,,,,,,
2015-11-20,7.302,7.41,7.151,7.151,140270,1003070.77,,,,,,,,
2015-11-23,7.151,7.172,6.913,6.913,134710,931250.23,,,,,,,,
2015-11-24,6.762,6.956,6.697,6.719,173610,1166485.59,,,,,,,,
2015-11-25,6.589,7.107,6.589,6.719,106990,718865.81,,,,,,,,
2015-11-26,6.719,6.956,6.719,6.805,28880,196528.4,,,,,,,,
2015-11-27,6.805,7.021,6.697,6.783,38590,261755.97,,,,,,,,
2015-11-30,7.086,7.086,6.481,6.848,33290,227969.92,,,,,,,,
2015-12-01,7.021,7.021,6.848,6.891,50330,346824.03,,,,,,,,
2015-12-02,6.913,7.021,6.913,6.999,38070,266451.93,,,,,,,,
2015-12-03,6.956,6.978,6.827,6.978,64260,448406.28,,,,,,,,
2015-12-04,6.935,6.935,6.848,6.891,68960,475203.36,,,,,,,,
2015-12-07,6.805,6.999,6.805,6.913,19330,133628.29,,,,,,,,
2015-12-08,6.827,7.388,6.805,7.388,78480,579810.24,,,,,,,,
2015-12-09,7.453,7.669,7.237,7.388,81450,601752.6,,,,,,,,
2015-12-10,7.453,7.54,7.302,7.453,2260,16843.780000000002,,,,,,,,
2015-12-11,7.28,7.583,7.28,7.453,45820,341496.46,,,,,,,,
2015-12-14,7.453,7.518,7.345,7.432,62900,467472.8000000001,,,,,,,,
2015-12-15,7.54,7.54,7.345,7.54,106400,802256.0,,,,,,,,
2015-12-16,7.561,8.058,7.54,8.058,256790,2069213.82,,,,,,,,
2015-12-17,8.209,8.555,8.209,8.555,186280,1593625.4,,,,,,,,
2015-12-18,8.793,8.901,8.512,8.663,124210,1076031.23,,,,,,,,
2015-12-21,8.512,8.814,8.317,8.533,41380,353095.54,,,,,,,,
2015-12-22,8.533,8.641,8.533,8.555,34780,297542.9,,,,,,,,
2015-12-23,8.425,8.576,8.317,8.339,60530,504759.67,,,,,,,,
2015-12-24,8.339,8.922,8.339,8.901,441030,3925608.03,,,,,,,,
2015-12-25,8.901,9.333,8.857,8.857,104100,922013.7,,,,,,,,
2015-12-28,8.879,9.246,8.857,8.857,151940,1345732.5799999998,,,,,,,,
2015-12-29,8.922,9.052,8.728,8.728,70570,615934.96,,,,,,,,
2015-12-30,8.728,8.857,8.533,8.749,103740,907621.26,,,,,,,,
2015-12-31,8.749,9.073,8.685,8.944,89430,799861.92,,,,,,,,
2016-01-04,9.073,9.484,9.073,9.462,137010,1296388.62,,,,,,,,
2016-01-05,9.505,9.549,9.289,9.376,113910,1068020.16,,,,,,,,
2016-01-06,9.441,9.484,9.073,9.484,80970,767919.48,,,,,,,,
2016-01-07,9.484,9.484,8.857,9.181,124930,1146982.3299999998,,,,,,,,
2016-01-08,8.922,9.181,8.641,8.641,207440,1792489.04,,,,,,,,
2016-01-11,8.641,8.749,8.339,8.36,66000,551760.0,,,,,,,,
2016-01-12,8.36,8.728,8.36,8.728,115360,1006862.08,,,,,,,,
2016-01-13,8.965,9.073,8.533,8.533,32200,274762.6,,,,,,,,
2016-01-14,8.425,8.49,8.188,8.209,126070,1034908.63,,,,,,,,
2016-01-15,8.404,8.533,8.209,8.533,144430,1232421.19,,,,,,,,
2016-01-18,8.533,8.533,8.188,8.339,133420,1112589.38,,,,,,,,
2016-01-19,8.425,8.425,8.209,8.404,70920,596011.68,,,,,,,,
2016-01-20,8.468,8.512,8.317,8.317,78060,649225.02,,,,,,,,
2016-01-21,8.404,8.49,8.123,8.317,67510,561480.67,,,,,,,,
2016-01-22,8.317,8.447,8.209,8.231,85390,702845.09,,,,,,,,
2016-01-25,8.425,8.749,8.317,8.706,103750,903247.5,,,,,,,,
2016-01-26,8.576,8.576,8.317,8.382,54560,457321.92,,,,,,,,
2016-01-27,8.252,8.425,7.928,7.993,300050,2398299.65,,,,,,,,
2016-01-28,7.561,7.82,7.453,7.453,307180,2289412.54,,,,,,,,
2016-01-29,7.345,7.561,7.237,7.323,145010,1061908.23,,,,,,,,
2016-02-01,7.172,7.453,7.021,7.215,76760,553823.4,,,,,,,,
2016-02-02,7.345,7.345,7.021,7.172,30790,220825.88,,,,,,,,
2016-02-03,7.043,7.432,6.956,7.432,61980,460635.36,,,,,,,,
2016-02-04,7.302,7.561,7.302,7.345,24960,183331.2,,,,,,,,
2016-02-05,7.432,7.453,7.302,7.432,7870,58489.84,,,,,,,,
2016-02-15,7.302,7.388,7.129,7.237,38680,279927.16000000003,,,,,,,,
2016-02-16,7.259,7.453,7.151,7.345,58670,430931.15,,,,,,,,
2016-02-17,7.367,7.367,7.237,7.323,20060,146899.38,,,,,,,,
2016-02-18,7.41,7.41,7.194,7.194,89830,646237.02,,,,,,,,
2016-02-19,7.194,7.41,7.194,7.237,121750,881104.75,,,,,,,,
2016-02-22,7.259,7.561,7.259,7.561,88240,667182.64,,,,,,,,
2016-02-23,7.561,7.972,7.561,7.885,183910,1450130.35,,,,,,,,
2016-02-24,7.777,7.885,7.561,7.82,109620,857228.4,,,,,,,,
2016-02-25,7.82,7.82,7.367,7.453,102540,764230.62,,,,,,,,
2016-02-26,7.453,7.561,7.259,7.302,77100,562984.2,,,,,,,,
2016-02-29,7.237,7.345,6.805,6.805,214650,1460693.25,,,,,,,,
2016-03-01,6.589,6.74,6.481,6.546,213180,1395476.28,,,,,,,,
2016-03-02,6.546,6.827,6.546,6.611,106140,701691.5399999999,,,,,,,,
2016-03-03,6.611,6.935,6.611,6.935,92230,639615.0499999999,,,,,,,,
2016-03-04,6.935,6.935,6.783,6.783,107600,729850.8,,,,,,,,
2016-03-07,6.783,6.848,6.654,6.697,67370,451176.89,,,,,,,,
2016-03-08,6.762,6.783,6.654,6.654,73330,487937.82,,,,,,,,
2016-03-09,6.675,6.74,6.611,6.697,48100,322125.7,,,,,,,,
2016-03-10,6.524,6.783,6.524,6.589,71660,472167.7400000001,,,,,,,,
2016-03-11,6.632,6.697,6.546,6.546,79560,520799.76,,,,,,,,
2016-03-14,6.654,6.654,6.265,6.265,308090,1930183.85,,,,,,,,
2016-03-15,6.287,6.308,5.833,5.833,406870,2373272.71,,,,,,,,
2016-03-16,5.898,6.135,5.876,6.049,65130,393971.37000000005,,,,,,,,
2016-03-17,6.157,6.243,6.071,6.222,57860,360004.92000000004,,,,,,,,
2016-03-18,6.2,6.2,6.071,6.114,80830,494194.62,,,,,,,,
2016-03-21,6.265,6.33,6.135,6.222,72880,453459.36,,,,,,,,
2016-03-22,6.33,6.567,6.265,6.459,160480,1036540.32,,,,,,,,
2016-03-23,6.481,6.675,6.481,6.654,96340,641046.36,,,,,,,,
2016-03-24,6.719,6.783,6.373,6.438,192030,1236289.14,,,,,,,,
2016-03-25,6.395,6.438,6.222,6.438,104470,672577.86,,,,,,,,
2016-03-28,6.459,6.459,6.265,6.308,72930,460042.44,,,,,,,,
2016-03-29,6.351,6.589,6.351,6.481,224570,1455438.17,,,,,,,,
2016-03-30,6.503,6.503,6.265,6.416,81210,521043.36,,,,,,,,
2016-03-31,6.308,6.524,6.308,6.503,209960,1365369.88,,,,,,,,
2016-04-01,6.481,6.503,6.416,6.481,152060,985500.86,,,,,,,,
2016-04-04,6.503,6.589,6.459,6.546,168020,1099858.9200000002,,,,,,,,
2016-04-05,6.481,6.589,6.481,6.567,32930,216251.31,,,,,,,,
2016-04-06,6.567,6.567,6.287,6.287,75450,474354.15,,,,,,,,
2016-04-07,6.222,6.546,6.222,6.524,114120,744518.88,,,,,,,,
2016-04-08,6.524,6.589,6.481,6.567,94130,618151.71,,,,,,,,
2016-04-11,6.697,7.021,6.697,7.021,287140,2016009.94,,,,,,,,
2016-04-12,7.302,7.345,7.129,7.28,210230,1530474.4,,,,,,,,
2016-04-13,7.259,7.561,7.129,7.259,140290,1018365.11,,,,,,,,
2016-04-14,7.259,7.496,7.259,7.453,178320,1329018.96,,,,,,,,
2016-04-15,7.345,7.54,7.237,7.237,99540,720370.98,,,,,,,,
2016-04-19,7.129,7.259,6.935,6.956,128400,893150.4,,,,,,,,
2016-04-20,6.956,7.064,6.719,6.913,138520,957588.76,,,,,,,,
2016-04-21,6.913,7.043,6.891,7.043,59260,417368.18,,,,,,,,
2016-04-22,7.064,7.129,6.978,6.978,46780,326430.84,,,,,,,,
2016-04-25,7.129,7.367,6.978,7.323,138250,1012404.75,,,,,,,,
2016-04-26,7.345,7.669,7.237,7.54,148990,1123384.6,,,,,,,,
2016-04-27,7.604,7.993,7.54,7.907,178990,1415273.93,,,,,,,,
2016-04-28,7.907,7.907,7.648,7.712,138140,1065335.68,,,,,,,,
2016-04-29,7.259,7.756,7.259,7.712,112540,867908.48,,,,,,,,
2016-05-04,7.777,7.864,7.583,7.82,59530,465524.6,,,,,,,,
2016-05-05,7.82,7.864,7.669,7.691,60900,468381.9,,,,,,,,
2016-05-06,7.626,7.842,7.604,7.799,131130,1022682.87,,,,,,,,
2016-05-09,7.864,8.144,7.799,7.972,161540,1287796.88,,,,,,,,
2016-05-10,7.993,7.993,7.864,7.972,31900,254306.8,,,,,,,,
2016-05-11,8.058,8.058,7.95,7.993,86690,692913.17,,,,,,,,
2016-05-12,8.307,8.307,8.06,8.06,83290,671317.4,,,,,,,,
2016-05-13,8.06,8.128,8.06,8.06,93570,754174.2000000001,,,,,,,,
2016-05-16,8.06,8.24,7.97,8.128,59040,479877.12,,,,,,,,
2016-05-17,8.173,8.217,8.128,8.173,16480,134691.04,,,,,,,,
2016-05-18,8.195,8.195,8.038,8.038,60480,486138.24,,,,,,,,
2016-05-19,8.083,8.128,8.015,8.083,70820,572438.06,,,,,,,,
2016-05-20,8.083,8.128,8.06,8.105,72200,585181.0,,,,,,,,
2016-05-23,8.083,8.083,7.746,7.746,29230,226415.58,,,,,,,,
2016-05-24,7.836,8.083,7.836,8.015,140710,1127790.65,,,,,,,,
2016-05-25,8.128,8.128,8.015,8.128,6510,52913.28,,,,,,,,
2016-05-26,8.128,8.128,8.015,8.083,34360,277731.88,,,,,,,,
2016-05-27,8.083,8.105,7.881,8.083,70730,571710.59,,,,,,,,
2016-05-30,8.083,8.419,8.06,8.397,58350,489964.95,,,,,,,,
2016-05-31,8.487,8.577,8.375,8.487,39940,338970.78,,,,,,,,
2016-06-01,8.419,8.577,8.307,8.532,38850,331468.2,,,,,,,,
2016-06-02,8.487,8.756,8.419,8.644,42850,370395.4,,,,,,,,
2016-06-03,8.756,8.756,8.419,8.442,27390,231226.38,,,,,,,,
2016-06-06,8.442,8.509,8.307,8.419,39230,330277.37,,,,,,,,
2016-06-07,8.419,8.419,8.33,8.352,18290,152758.08000000002,,,,,,,,
2016-06-08,8.33,8.644,8.33,8.532,113490,968296.68,,,,,,,,
2016-06-09,8.532,8.577,8.419,8.419,22960,193300.24,,,,,,,,
2016-06-10,8.419,8.599,8.419,8.532,24700,210740.4,,,,,,,,
2016-06-13,8.532,8.554,8.464,8.509,18160,154523.44,,,,,,,,
2016-06-14,8.554,8.599,8.464,8.532,124550,1062660.6,,,,,,,,
2016-06-15,8.554,9.115,8.532,9.115,206260,1880059.9,,,,,,,,
2016-06-16,9.43,9.542,9.16,9.273,83610,775315.53,,,,,,,,
2016-06-17,9.093,9.587,9.093,9.475,345400,3272665.0,,,,,,,,
2016-06-20,9.475,9.834,9.25,9.834,130670,1285008.78,,,,,,,,
2016-06-21,10.058,10.103,9.565,9.565,214050,2047388.25,,,,,,,,
2016-06-22,9.565,9.946,9.565,9.901,168400,1667328.4,,,,,,,,
2016-06-23,10.081,10.373,10.081,10.238,254500,2605571.0,,,,,,,,
2016-06-24,10.328,10.35,9.542,10.261,198790,2039784.19,,,,,,,,
2016-06-27,10.261,10.261,9.879,10.238,166700,1706674.6,,,,,,,,
2016-06-28,10.103,10.597,10.103,10.53,210520,2216775.6,,,,,,,,
2016-06-29,10.552,11.114,10.552,11.114,293970,3267182.58,,,,,,,,
2016-06-30,11.338,11.675,11.114,11.226,240660,2701649.16,,,,,,,,
2016-07-01,11.204,11.45,11.204,11.338,192580,2183472.04,,,,,,,,
2016-07-04,11.338,12.124,11.338,12.124,325170,3942361.08,,,,,,,,
2016-07-05,12.349,12.349,11.563,11.675,148550,1734321.25,,,,,,,,
2016-07-06,11.563,12.349,11.45,12.124,273370,3314337.8800000004,,,,,,,,
2016-07-07,12.349,12.573,12.124,12.236,183210,2241757.56,,,,,,,,
2016-07-08,12.236,12.461,11.675,11.9,205670,2447473.0,,,,,,,,
2016-07-11,12.012,12.012,11.069,11.069,237700,2631101.3000000003,,,,,,,,
2016-07-12,10.889,10.912,10.305,10.552,406940,4294030.88,,,,,,,,
2016-07-13,10.193,11.226,10.193,11.226,82220,923001.72,,,,,,,,
2016-07-14,11.226,11.226,10.44,10.44,99030,1033873.2,,,,,,,,
2016-07-15,9.991,10.216,9.722,9.722,234610,2280878.42,,,,,,,,
2016-07-18,9.43,10.148,9.318,9.811,64150,629375.65,,,,,,,,
2016-07-19,9.879,9.991,9.699,9.789,55300,541331.7,,,,,,,,
2016-07-20,9.205,9.879,9.115,9.115,86900,792093.5,,,,,,,,
2016-07-21,9.115,9.632,8.644,9.093,278160,2529308.88,,,,,,,,
2016-07-22,8.891,9.205,8.869,8.913,86110,767498.43,,,,,,,,
2016-07-25,8.756,8.981,8.532,8.981,178810,1605892.61,,,,,,,,
2016-07-26,8.981,9.093,8.869,8.981,63180,567419.58,,,,,,,,
2016-07-27,8.981,9.52,8.981,9.43,79040,745347.2,,,,,,,,
2016-07-28,9.497,9.497,9.385,9.43,112710,1062855.3,,,,,,,,
2016-07-29,9.385,9.542,9.295,9.34,70280,656415.2,,,,,,,,
2016-08-01,9.362,9.362,8.869,8.891,44950,399650.45,,,,,,,,
2016-08-02,8.756,8.756,8.509,8.532,186800,1593777.6,,,,,,,,
2016-08-03,8.195,8.622,8.195,8.487,126020,1069531.74,,,,,,,,
2016-08-04,8.532,8.824,8.532,8.532,67110,572582.52,,,,,,,,
2016-08-05,8.577,8.689,8.509,8.689,49030,426021.67,,,,,,,,
2016-08-08,8.756,8.869,8.689,8.779,20320,178389.28,,,,,,,,
2016-08-09,8.936,9.295,8.801,9.25,62810,580992.5,,,,,,,,
2016-08-10,9.115,9.879,9.115,9.879,146100,1443321.9,,,,,,,,
2016-08-11,10.103,10.103,9.879,9.991,57010,569586.91,,,,,,,,
2016-08-12,10.103,10.103,9.722,9.879,43440,429143.76,,,,,,,,
2016-08-15,9.767,9.879,9.654,9.767,30970,302483.99,,,,,,,,
2016-08-16,9.654,9.767,9.542,9.654,41360,399289.44,,,,,,,,
2016-08-17,9.879,9.879,9.542,9.744,30470,296899.68,,,,,,,,
2016-08-18,9.879,9.879,9.43,9.609,25960,249449.64,,,,,,,,
2016-08-19,9.654,9.654,9.318,9.318,46470,433007.46,,,,,,,,
2016-08-22,9.43,9.52,9.273,9.318,4940,46030.92,,,,,,,,
2016-08-23,9.273,9.52,9.273,9.43,31420,296290.6,,,,,,,,
2016-08-24,9.385,9.609,9.228,9.318,57450,535319.1,,,,,,,,
2016-08-25,9.318,9.497,9.318,9.43,15690,147956.69999999998,,,,,,,,
2016-08-26,9.43,9.856,9.43,9.677,63640,615844.28,,,,,,,,
2016-08-29,9.677,9.699,9.43,9.542,45840,437405.28,,,,,,,,
2016-08-30,9.542,9.587,9.407,9.407,21740,204508.18,,,,,,,,
2016-08-31,9.609,9.632,9.43,9.632,63760,614136.32,,,,,,,,
2016-09-01,9.654,10.036,9.654,9.654,307180,2965515.72,,,,,,,,
2016-09-05,9.699,10.103,9.699,10.058,43650,439031.7,,,,,,,,
2016-09-06,10.058,10.305,10.058,10.238,37450,383413.1,,,,,,,,
2016-09-07,10.193,10.238,9.856,10.126,35900,363523.4,,,,,,,,
2016-09-08,10.103,10.261,9.879,9.879,30060,296962.74,,,,,,,,
2016-09-09,9.879,10.103,9.767,9.901,62060,614456.0599999999,,,,,,,,
2016-09-12,9.901,9.901,9.722,9.789,90280,883750.9199999999,,,,,,,,
2016-09-13,9.856,10.328,9.856,10.182,83100,846124.2000000001,,,,,,,,
2016-09-14,10.204,10.53,10.204,10.463,219380,2295372.94,,,,,,,,
2016-09-15,10.552,10.687,10.552,10.687,113570,1213722.59,,,,,,,,
2016-09-16,10.777,10.844,10.687,10.777,100280,1080717.5599999998,,,,,,,,
2016-09-19,10.732,10.732,10.586,10.586,72080,763038.88,,,,,,,,
2016-09-20,10.508,10.777,10.508,10.777,37590,405107.43,,,,,,,,
2016-09-21,10.889,10.889,10.564,10.62,22410,237994.2,,,,,,,,
2016-09-22,10.777,10.889,10.732,10.777,51350,553398.95,,,,,,,,
2016-09-23,10.777,10.844,10.665,10.732,24160,259285.12,,,,,,,,
2016-09-26,10.732,11.226,10.732,11.226,116620,1309176.12,,,,,,,,
2016-09-27,11.226,11.563,11.226,11.428,102270,1168741.56,,,,,,,,
2016-09-28,11.54,11.54,11.226,11.248,74700,840225.6,,,,,,,,
2016-09-29,11.45,11.45,11.001,11.338,109390,1240263.8199999998,,,,,,,,
2016-09-30,11.338,11.338,11.024,11.159,44280,494120.52,,,,,,,,
2016-10-03,11.45,11.45,11.114,11.226,112070,1258097.82,,,,,,,,
2016-10-04,11.428,11.428,10.889,10.889,61050,664773.45,,,,,,,,
2016-10-05,10.889,11.114,10.665,10.867,47310,514117.77,,,,,,,,
2016-10-06,10.777,10.957,10.552,10.597,36200,383611.4,,,,,,,,
2016-10-07,10.597,10.766,10.238,10.261,51530,528749.33,,,,,,,,
2016-10-10,10.216,10.305,9.767,10.058,36060,362691.48,,,,,,,,
2016-10-11,9.991,10.036,9.654,9.991,50180,501348.38,,,,,,,,
2016-10-12,9.767,10.305,9.767,10.081,16590,167243.78999999998,,,,,,,,
2016-10-13,10.103,10.238,10.058,10.216,12180,124430.88,,,,,,,,
2016-10-14,10.216,10.238,10.103,10.193,11710,119360.03,,,,,,,,
2016-10-17,10.305,10.305,10.058,10.103,16220,163870.66,,,,,,,,
2016-10-18,10.081,10.171,9.969,10.171,6460,65704.65999999999,,,,,,,,
2016-10-19,10.115,10.182,10.025,10.025,16110,161502.75,,,,,,,,
2016-10-20,10.047,10.216,9.329,9.654,87610,845786.94,,,,,,,,
2016-10-21,9.452,9.654,8.992,9.205,123710,1138750.55,,,,,,,,
2016-10-24,9.318,9.318,8.756,8.981,81950,735992.95,,,,,,,,
2016-10-25,8.992,9.385,8.992,9.385,22640,212476.4,,,,,,,,
2016-10-26,9.318,9.318,9.16,9.318,56820,529448.76,,,,,,,,
2016-10-27,9.205,9.318,9.115,9.16,15530,142254.8,,,,,,,,
2016-10-28,9.318,9.43,9.205,9.318,11640,108461.52,,,,,,,,
2016-10-31,9.396,9.654,9.003,9.654,44940,433850.76,,,,,,,,
2016-11-01,9.654,9.856,9.643,9.811,35920,352411.12,,,,,,,,
2016-11-02,9.654,9.868,9.654,9.654,19930,192404.22,,,,,,,,
2016-11-03,9.654,9.744,9.542,9.744,43190,420843.36,,,,,,,,
2016-11-04,9.744,9.856,9.654,9.654,29280,282669.12,,,,,,,,
2016-11-07,9.542,9.767,9.542,9.654,37310,360190.74,,,,,,,,
2016-11-08,9.767,9.856,9.767,9.8,12120,118776.0,,,,,,,,
2016-11-09,9.8,9.811,9.115,9.609,131980,1268195.82,,,,,,,,
2016-11-10,9.654,10.216,9.654,10.081,32940,332068.14,,,,,,,,
2016-11-11,10.294,10.294,9.789,9.879,10720,105902.88,,,,,,,,
2016-11-14,9.879,9.879,9.744,9.755,19250,187783.75000000003,,,,,,,,
2016-11-15,9.879,9.879,9.52,9.52,18780,178785.6,,,,,,,,
2016-11-16,9.654,9.722,9.542,9.542,16300,155534.6,,,,,,,,
2016-11-17,9.609,9.767,9.609,9.654,33750,325822.5,,,,,,,,
2016-11-18,9.767,9.767,9.609,9.699,5600,54314.4,,,,,,,,
2016-11-21,9.632,9.699,9.632,9.699,10810,104846.19,,,,,,,,
2016-11-22,9.767,9.767,9.609,9.677,5050,48868.85,,,,,,,,
2016-11-23,9.789,9.789,9.654,9.677,8530,82544.81,,,,,,,,
2016-11-24,9.767,9.767,9.531,9.677,8000,77416.0,,,,,,,,
2016-11-25,9.654,9.677,9.587,9.587,15660,150132.41999999998,,,,,,,,
2016-11-28,9.609,9.744,9.609,9.744,42410,413243.04,,,,,,,,
2016-11-29,9.879,9.879,9.542,9.654,19960,192693.84,,,,,,,,
2016-11-30,9.654,9.699,9.654,9.677,35080,339469.16,,,,,,,,
2016-12-01,9.834,9.834,9.666,9.677,11200,108382.4,,,,,,,,
2016-12-02,9.744,9.744,9.542,9.542,12860,122710.12,,,,,,,,
2016-12-05,9.856,9.856,9.43,9.654,40420,390214.68,,,,,,,,
2016-12-06,9.565,9.654,9.43,9.43,13310,125513.3,,,,,,,,
2016-12-07,9.542,9.542,9.318,9.43,19710,185865.3,,,,,,,,
2016-12-08,9.419,9.419,9.093,9.318,6910,64387.38,,,,,,,,
2016-12-09,9.318,9.43,9.318,9.34,37070,346233.8,,,,,,,,
2016-12-12,9.654,9.654,9.34,9.43,9590,90433.7,,,,,,,,
2016-12-13,9.565,9.565,9.43,9.43,17060,160875.8,,,,,,,,
2016-12-14,9.52,9.52,9.43,9.43,15230,143618.9,,,,,,,,
2016-12-15,9.632,9.632,9.43,9.542,8770,83683.34,,,,,,,,
2016-12-16,9.542,9.542,9.318,9.34,24680,230511.2,,,,,,,,
2016-12-19,9.475,9.52,9.362,9.497,18450,175219.65,,,,,,,,
2016-12-20,9.632,9.632,9.43,9.508,17070,162301.56,,,,,,,,
2016-12-21,9.52,10.126,9.43,10.103,51390,519193.17,,,,,,,,
2016-12-22,10.238,10.238,9.901,10.103,56010,565869.03,,,,,,,,
2016-12-23,10.103,10.328,9.991,10.328,51440,531272.32,,,,,,,,
2016-12-26,10.328,10.777,10.115,10.418,39270,409114.86,,,,,,,,
2016-12-27,10.552,10.552,10.126,10.126,22700,229860.2,,,,,,,,
2016-12-28,10.305,10.665,9.879,10.665,46450,495389.25,,,,,,,,
2016-12-29,10.665,11.091,10.238,11.08,65920,730393.6,,,,,,,,
2016-12-30,11.226,11.226,10.597,10.777,65610,707078.97,,,,,,,,
2017-01-03,10.777,11.114,10.552,10.754,8140,87537.56,,,,,,,,
2017-01-04,10.35,10.754,10.328,10.328,13760,142113.28,,,,,,,,
2017-01-05,10.283,10.328,9.879,9.879,31860,314744.94,,,,,,,,
2017-01-06,9.879,10.103,9.879,9.991,17790,177739.88999999998,,,,,,,,
2017-01-09,10.025,10.328,9.879,10.126,25130,254466.38,,,,,,,,
2017-01-10,10.283,10.283,9.901,9.991,27260,272354.66,,,,,,,,
2017-01-11,10.081,10.081,9.946,9.946,3660,36402.36,,,,,,,,
2017-01-12,9.946,9.991,9.879,9.879,17040,168338.16,,,,,,,,
2017-01-13,9.767,9.946,9.767,9.946,10600,105427.6,,,,,,,,
2017-01-16,10.081,10.081,9.8,9.901,3160,31287.16,,,,,,,,
2017-01-17,10.07,10.07,9.879,9.901,6250,61881.25,,,,,,,,
2017-01-18,9.879,9.879,9.811,9.856,27280,268871.68,,,,,,,,
2017-01-19,9.856,9.856,9.654,9.654,18780,181302.12,,,,,,,,
2017-01-20,9.654,9.969,9.654,9.879,5370,53050.23,,,,,,,,
2017-01-23,9.879,9.879,9.699,9.699,1010,9795.99,,,,,,,,
2017-01-24,9.767,9.879,9.699,9.856,8670,85451.52,,,,,,,,
2017-01-25,9.856,10.283,9.856,10.227,20820,212926.14,,,,,,,,
2017-02-02,10.227,10.328,10.227,10.305,10400,107172.0,,,,,,,,
2017-02-03,10.283,10.283,10.014,10.058,4830,48580.14,,,,,,,,
2017-02-06,9.991,10.002,9.901,9.913,10400,103095.2,,,,,,,,
2017-02-07,9.969,10.103,9.901,9.991,34530,344989.23,,,,,,,,
2017-02-08,10.014,10.103,9.946,10.002,98220,982396.44,,,,,,,,
2017-02-09,10.002,10.44,10.002,10.328,366240,3782526.72,,,,,,,,
2017-02-10,10.328,10.328,10.103,10.103,51820,523537.46,,,,,,,,
2017-02-13,10.126,10.552,10.103,10.193,185510,1890903.43,,,,,,,,
2017-02-14,10.283,10.463,10.283,10.373,78070,809820.11,,,,,,,,
2017-02-15,10.53,10.777,10.384,10.44,111360,1162598.4,,,,,,,,
2017-02-16,10.642,10.653,10.44,10.44,86670,904834.8,,,,,,,,
2017-02-17,10.44,10.552,10.261,10.35,76570,792499.5,,,,,,,,
2017-02-20,10.126,10.485,10.126,10.305,160250,1651376.25,,,,,,,,
2017-02-21,10.328,10.463,10.328,10.373,29010,300920.73,,,,,,,,
2017-02-22,10.373,11.001,10.373,10.777,134190,1446165.63,,,,,,,,
2017-02-23,10.822,10.889,10.575,10.665,60440,644592.6,,,,,,,,
2017-02-24,10.867,11.136,10.856,11.114,332260,3692737.64,,,,,,,,
2017-02-27,11.114,11.338,11.001,11.271,91200,1027915.2,,,,,,,,
2017-02-28,11.271,11.563,11.226,11.271,132520,1493632.9200000002,,,,,,,,
2017-03-01,11.226,11.226,10.856,11.159,91800,1024396.2,,,,,,,,
2017-03-02,11.226,11.338,11.001,11.338,89910,1019399.58,,,,,,,,
2017-03-03,11.338,12.034,11.114,11.855,235710,2794342.0500000003,,,,,,,,
2017-03-06,11.855,12.102,11.585,11.855,63720,755400.6,,,,,,,,
2017-03-07,11.855,11.855,11.45,11.787,125520,1479504.24,,,,,,,,
2017-03-08,11.9,12.259,11.81,12.236,251650,3079189.4000000004,,,,,,,,
2017-03-09,12.304,12.304,12.034,12.079,56540,682946.66,,,,,,,,
2017-03-10,12.079,12.191,12.012,12.079,54940,663620.26,,,,,,,,
2017-03-13,12.124,12.753,12.124,12.663,201400,2550328.2,,,,,,,,
2017-03-14,12.573,12.91,12.483,12.663,125920,1594524.96,,,,,,,,
2017-03-15,12.775,13.022,12.573,12.663,316620,4009359.06,,,,,,,,
2017-03-16,12.663,13.022,12.236,12.236,169940,2079385.84,,,,,,,,
2017-03-17,12.236,12.528,11.922,12.124,40480,490779.52,,,,,,,,
2017-03-20,12.012,12.326,11.944,12.124,81340,986166.16,,,,,,,,
2017-03-21,12.124,12.326,12.012,12.124,61440,744898.56,,,,,,,,
2017-03-22,12.304,12.304,11.293,11.293,251280,2837705.04,,,,,,,,
2017-03-23,11.45,11.473,11.024,11.024,130010,1433230.24,,,,,,,,
2017-03-24,11.024,11.271,11.024,11.114,74420,827103.88,,,,,,,,
2017-03-27,11.114,11.585,11.024,11.226,59220,664803.7200000001,,,,,,,,
2017-03-28,11.226,11.563,11.114,11.383,112260,1277855.5799999998,,,,,,,,
2017-03-29,11.45,11.653,11.204,11.653,118010,1375170.53,,,,,,,,
2017-03-30,11.675,11.742,11.45,11.653,24760,288528.28,,,,,,,,
2017-03-31,11.069,11.653,11.069,11.361,123890,1407514.29,,,,,,,,
2017-04-03,11.226,11.226,10.799,11.001,64700,711764.7,,,,,,,,
2017-04-04,10.9,11.248,10.9,11.226,71030,797382.78,,,,,,,,
2017-04-05,11.338,11.338,11.069,11.069,28600,316573.4,,,,,,,,
2017-04-07,11.069,11.204,11.069,11.091,16040,177899.63999999998,,,,,,,,
2017-04-10,11.091,11.159,11.046,11.091,36560,405486.96,,,,,,,,
2017-04-11,11.091,11.114,11.035,11.114,9370,104138.18,,,,,,,,
2017-04-12,11.136,11.428,11.136,11.226,79630,893926.3800000001,,,,,,,,
2017-04-13,11.338,11.45,11.226,11.226,8860,99462.36,,,,,,,,
2017-04-14,11.024,11.17,10.777,11.001,85320,938605.32,,,,,,,,
2017-04-17,11.001,11.001,10.799,10.799,67600,730012.4,,,,,,,,
2017-04-18,10.777,11.114,10.721,11.001,148720,1636068.72,,,,,,,,
2017-04-19,11.001,11.001,10.777,11.001,12830,141142.83,,,,,,,,
2017-04-20,10.957,11.08,10.822,11.001,63030,693393.0299999999,,,,,,,,
2017-04-21,10.957,11.114,10.889,11.091,61560,682761.96,,,,,,,,
2017-04-24,10.957,11.091,10.912,10.912,44750,488312.00000000006,,,,,,,,
2017-04-25,11.001,11.338,11.001,11.338,114350,1296500.2999999998,,,,,,,,
2017-04-26,11.45,11.495,11.271,11.495,160530,1845292.35,,,,,,,,
2017-04-27,11.473,11.787,11.473,11.697,121280,1418612.16,,,,,,,,
2017-04-28,11.697,11.787,11.518,11.675,41610,485796.75000000006,,,,,,,,
2017-05-03,11.675,11.675,11.361,11.45,22990,263235.5,,,,,,,,
2017-05-04,11.406,11.9,11.271,11.675,190610,2225371.75,,,,,,,,
2017-05-05,11.675,12.102,11.675,12.057,289120,3485919.8400000003,,,,,,,,
2017-05-08,12.124,12.461,12.124,12.349,190690,2354830.81,,,,,,,,
2017-05-09,11.989,12.326,11.9,12.304,22950,282376.8,,,,,,,,
2017-05-10,12.057,12.393,11.675,11.675,223250,2606443.75,,,,,,,,
2017-05-11,11.608,12.012,11.585,11.675,21350,249261.25000000003,,,,,,,,
2017-05-12,11.675,11.675,11.45,11.653,46630,543379.39,,,,,,,,
2017-05-15,11.675,12.012,11.675,11.989,82830,993048.87,,,,,,,,
2017-05-16,12.012,12.012,11.81,11.9,59120,703528.0,,,,,,,,
2017-05-17,11.967,11.989,11.675,11.944,35680,426161.92,,,,,,,,
2017-05-18,11.944,11.944,11.271,11.271,75550,851524.05,,,,,,,,
2017-05-19,11.181,11.563,11.181,11.226,25930,291090.18000000005,,,,,,,,
2017-05-22,11.45,12.012,11.226,11.361,61970,704041.17,,,,,,,,
2017-05-23,11.473,12.146,11.473,11.855,57490,681543.9500000001,,,,,,,,
2017-05-24,11.855,11.855,11.608,11.72,5480,64225.600000000006,,,,,,,,
2017-05-25,11.72,11.72,11.45,11.653,28640,333741.92000000004,,,,,,,,
2017-05-26,11.675,11.787,11.428,11.787,72650,856325.55,,,,,,,,
2017-05-29,11.765,11.765,11.495,11.495,28710,330021.44999999995,,,,,,,,
2017-05-30,11.675,11.675,11.338,11.585,29390,340483.15,,,,,,,,
2017-05-31,11.585,11.608,11.361,11.608,6000,69648.0,,,,,,,,
2017-06-01,11.608,11.608,11.293,11.518,15750,181408.5,,,,,,,,
2017-06-02,11.518,11.518,11.45,11.45,2720,31144.0,,,,,,,,
2017-06-05,11.338,11.653,11.248,11.248,23950,269389.6,,,,,,,,
2017-06-06,11.428,11.45,11.316,11.383,27320,310983.56,,,,,,,,
2017-06-07,11.45,11.45,11.338,11.428,10890,124450.92,,,,,,,,
2017-06-08,11.63,11.63,11.361,11.406,2830,32278.980000000003,,,,,,,,
2017-06-09,11.316,11.428,11.114,11.181,21720,242851.32,,,,,,,,
2017-06-12,11.181,11.338,11.181,11.338,6620,75057.56,,,,,,,,
2017-06-13,11.406,11.406,11.181,11.338,51190,580392.22,,,,,,,,
2017-06-14,11.338,11.406,11.338,11.338,31640,358734.31999999995,,,,,,,,
2017-06-15,11.406,11.9,11.406,11.787,182370,2149595.19,,,,,,,,
2017-06-16,11.697,11.787,11.585,11.608,17830,206970.64,,,,,,,,
2017-06-19,11.787,12.079,11.765,12.079,200800,2425463.2,,,,,,,,
2017-06-20,12.012,12.483,11.9,12.349,176220,2176140.7800000003,,,,,,,,
2017-06-21,12.349,12.349,12.034,12.349,53370,659066.13,,,,,,,,
2017-06-22,12.304,12.349,12.124,12.349,86710,1070781.79,,,,,,,,
2017-06-23,12.349,12.349,12.124,12.169,19570,238147.33,,,,,,,,
2017-06-26,11.9,12.124,11.406,11.787,40590,478434.33,,,,,,,,
2017-06-27,11.787,11.787,11.608,11.608,24620,285788.96,,,,,,,,
2017-06-28,11.675,11.787,11.675,11.787,4360,51391.32000000001,,,,,,,,
2017-06-29,11.787,11.81,11.675,11.72,66960,784771.2000000001,,,,,,,,
2017-06-30,11.63,11.81,11.608,11.787,19970,235386.39,,,,,,,,
2017-07-03,11.787,12.079,11.787,11.989,21610,259082.29,,,,,,,,
2017-07-04,11.989,11.989,11.72,11.9,5280,62832.0,,,,,,,,
2017-07-05,11.9,11.9,11.72,11.832,16070,190140.24,,,,,,,,
2017-07-06,11.9,12.618,11.9,12.573,379570,4772333.61,,,,,,,,
2017-07-07,12.64,12.64,12.349,12.438,49630,617297.9400000001,,,,,,,,
2017-07-10,12.798,12.798,12.191,12.461,94170,1173452.37,,,,,,,,
2017-07-11,12.461,12.461,12.124,12.236,11240,137532.64,,,,,,,,
2017-07-12,12.236,12.483,12.124,12.371,42270,522922.17,,,,,,,,
2017-07-13,12.371,12.438,12.371,12.438,1610,20025.18,,,,,,,,
2017-07-14,12.551,12.798,12.461,12.551,48430,607844.93,,,,,,,,
2017-07-17,12.438,12.551,12.371,12.506,11260,140817.56,,,,,,,,
2017-07-18,12.506,13.247,12.124,13.247,73530,974051.91,,,,,,,,
2017-07-19,12.506,13.359,12.461,12.798,75010,959977.98,,,,,,,,
2017-07-20,12.461,12.573,12.349,12.461,6050,75389.05,,,,,,,,
2017-07-21,12.349,12.461,12.034,12.034,28120,338396.08,,,,,,,,
2017-07-24,11.922,12.236,11.697,12.236,45550,557349.8,,,,,,,,
2017-07-25,12.326,12.326,12.124,12.259,4820,59088.380000000005,,,,,,,,
2017-07-26,11.9,12.124,11.9,12.124,4020,48738.48,,,,,,,,
2017-07-27,11.9,11.9,11.72,11.877,20650,245260.05,,,,,,,,
2017-07-28,11.877,11.877,11.787,11.877,1760,20903.52,,,,,,,,
2017-07-31,11.855,11.855,11.585,11.765,15880,186828.2,,,,,,,,
2017-08-01,11.9,11.9,11.787,11.877,19220,228275.94,,,,,,,,
2017-08-02,11.855,12.057,11.787,12.057,44310,534245.67,,,,,,,,
2017-08-03,12.057,12.057,11.9,11.922,5790,69028.38,,,,,,,,
2017-08-04,11.922,12.259,11.787,12.191,32720,398889.52,,,,,,,,
2017-08-07,12.146,12.214,11.989,12.124,30570,370630.68,,,,,,,,
2017-08-08,12.124,12.124,11.877,12.124,8060,97719.44,,,,,,,,
2017-08-09,12.012,12.349,11.9,12.349,38480,475189.52,,,,,,,,
2017-08-10,12.236,12.236,11.967,12.012,10560,126846.72,,,,,,,,
2017-08-11,11.967,12.012,11.787,11.855,26500,314157.5,,,,,,,,
2017-08-14,11.855,11.922,11.81,11.855,38150,452268.25,,,,,,,,
2017-08-15,11.787,11.81,11.72,11.72,111610,1308069.2000000002,,,,,,,,
2017-08-16,11.742,11.742,11.495,11.697,84880,992841.36,,,,,,,,
2017-08-17,11.72,12.012,11.675,11.9,3860,45934.0,,,,,,,,
2017-08-18,11.81,11.81,11.473,11.518,6390,73600.02,,,,,,,,
2017-08-21,11.473,11.518,11.45,11.45,5770,66066.5,,,,,,,,
2017-08-22,11.45,11.653,11.338,11.45,9610,110034.5,,,,,,,,
2017-08-23,11.45,11.765,11.45,11.45,4060,46487.0,,,,,,,,
2017-08-24,11.45,11.45,11.338,11.45,13250,151712.5,,,,,,,,
2017-08-25,11.406,11.428,11.226,11.226,32020,359456.52,,,,,,,,
2017-08-28,11.406,11.406,10.889,11.114,53040,589486.56,,,,,,,,
2017-08-29,11.001,11.001,10.844,10.957,18690,204786.33,,,,,,,,
2017-08-30,10.889,11.338,10.889,11.338,6600,74830.79999999999,,,,,,,,
2017-08-31,11.001,11.226,10.889,11.215,2160,24224.4,,,,,,,,
2017-09-01,10.833,11.226,10.833,11.226,1140,12797.64,,,,,,,,
2017-09-05,11.226,11.226,11.001,11.001,14120,155334.12,,,,,,,,
2017-09-06,11.001,11.215,10.889,11.001,9700,106709.7,,,,,,,,
2017-09-07,10.889,10.912,10.867,10.889,42550,463326.95,,,,,,,,
2017-09-08,10.844,10.844,10.137,10.171,53990,549132.2899999999,,,,,,,,
2017-09-11,10.126,10.328,9.654,10.058,116570,1172461.06,,,,,,,,
2017-09-12,9.789,9.901,9.789,9.789,59260,580096.14,,,,,,,,
2017-09-13,9.811,10.103,9.778,10.058,49810,500988.98,,,,,,,,
2017-09-14,10.266,10.428,10.151,10.382,18810,195285.42,,,,,,,,
2017-09-15,10.428,11.004,10.382,10.728,25900,277855.2,,,,,,,,
2017-09-18,10.728,10.958,10.728,10.889,33840,368483.76,,,,,,,,
2017-09-19,10.682,10.682,10.612,10.612,25040,265724.48,,,,,,,,
2017-09-20,10.589,10.589,10.451,10.589,7470,79099.83,,,,,,,,
2017-09-21,10.612,10.612,10.589,10.589,64780,685955.42,,,,,,,,
2017-09-22,10.451,10.612,10.382,10.382,27930,289969.26,,,,,,,,
2017-09-25,10.497,10.589,10.497,10.589,1440,15248.16,,,,,,,,
2017-09-26,10.589,10.589,10.266,10.52,2600,27352.0,,,,,,,,
2017-09-27,10.728,10.728,10.174,10.52,19560,205771.2,,,,,,,,
2017-09-28,10.566,10.566,10.151,10.428,97060,1012141.68,,,,,,,,
2017-09-29,10.151,10.382,10.151,10.382,82510,856618.82,,,,,,,,
2017-10-02,10.382,10.382,10.382,10.382,0,0.0,,,,,,,,
2017-10-03,10.151,10.347,9.92,10.243,23160,237227.88,,,,,,,,
2017-10-04,9.92,10.22,9.92,10.151,10090,102423.59,,,,,,,,
2017-10-05,10.151,10.151,10.151,10.151,4970,50450.47,,,,,,,,
2017-10-06,10.151,10.324,10.151,10.324,7120,73506.88,,,,,,,,
2017-10-09,10.174,10.174,10.151,10.151,10230,103844.73,,,,,,,,
2017-10-10,10.324,10.324,9.897,10.128,13890,140677.92,,,,,,,,
2017-10-11,10.036,10.116,9.92,9.92,20650,204848.0,,,,,,,,
2017-10-12,9.92,9.92,9.586,9.897,57440,568483.68,,,,,,,,
2017-10-13,9.689,9.886,9.689,9.689,2600,25191.4,,,,,,,,
2017-10-16,9.759,9.886,9.597,9.886,7740,76517.64,,,,,,,,
2017-10-17,9.897,9.897,9.805,9.897,1910,18903.27,,,,,,,,
2017-10-18,10.128,10.128,9.574,9.989,380,3795.82,,,,,,,,
2017-10-19,9.713,10.128,9.689,9.932,1030,10229.96,,,,,,,,
2017-10-20,9.805,9.805,9.459,9.459,7330,69334.47,,,,,,,,
2017-10-23,9.459,9.897,8.997,9.574,13520,129440.48,,,,,,,,
2017-10-24,9.574,9.805,9.528,9.689,20370,197364.93,,,,,,,,
2017-10-25,9.459,9.689,9.459,9.689,5700,55227.3,,,,,,,,
2017-10-26,9.505,9.505,9.367,9.459,2570,24309.63,,,,,,,,
2017-10-27,9.343,9.932,9.228,9.436,18360,173244.96,,,,,,,,
2017-10-30,9.436,10.093,9.436,10.093,19520,197015.36,,,,,,,,
2017-10-31,10.255,10.612,10.185,10.382,6750,70078.5,,,,,,,,
2017-11-01,10.382,10.474,10.036,10.359,19420,201171.78,,,,,,,,
2017-11-02,10.451,10.589,10.151,10.382,14670,152303.94,,,,,,,,
2017-11-03,10.474,10.474,10.255,10.382,16820,174625.24,,,,,,,,
2017-11-06,10.197,10.359,10.197,10.359,580,6008.22,,,,,,,,
2017-11-07,10.589,10.589,10.266,10.266,7920,81306.72,,,,,,,,
2017-11-08,10.312,10.359,10.22,10.312,18700,192834.4,,,,,,,,
2017-11-09,10.185,10.312,10.185,10.312,1090,11240.08,,,,,,,,
2017-11-10,10.162,10.312,9.943,10.312,5240,54034.88,,,,,,,,
2017-11-13,10.266,10.312,9.863,9.874,16510,163019.74000000002,,,,,,,,
2017-11-14,9.874,10.151,9.874,10.151,14390,146072.88999999998,,,,,,,,
2017-11-15,10.105,10.601,10.105,10.601,17370,184139.37,,,,,,,,
2017-11-16,10.601,11.339,10.601,11.327,38040,430879.08,,,,,,,,
2017-11-17,11.189,11.535,11.074,11.351,17850,202615.35,,,,,,,,
2017-11-20,11.327,11.42,11.074,11.351,40130,455515.63000000006,,,,,,,,
2017-11-21,11.12,11.351,10.866,11.339,21580,244695.62,,,,,,,,
2017-11-22,11.339,11.339,10.866,11.178,8480,94789.44,,,,,,,,
2017-11-23,10.843,11.535,10.843,11.293,7740,87407.81999999999,,,,,,,,
2017-11-24,11.362,11.397,11.074,11.189,8330,93204.37,,,,,,,,
2017-11-27,11.408,11.408,10.981,11.189,8580,96001.62,,,,,,,,
2017-11-28,11.42,11.42,11.074,11.351,16390,186042.89,,,,,,,,
2017-11-29,11.385,11.766,11.074,11.743,55250,648800.75,,,,,,,,
2017-11-30,11.743,12.112,11.535,12.089,23480,283849.72000000003,,,,,,,,
2017-12-01,11.927,12.089,11.881,12.066,4370,52728.420000000006,,,,,,,,
2017-12-04,12.066,12.066,11.674,11.997,67180,805958.46,,,,,,,,
2017-12-05,11.997,12.089,11.42,11.973,1760,21072.48,,,,,,,,
2017-12-06,11.42,11.997,11.189,11.535,24860,286760.1,,,,,,,,
2017-12-07,11.535,11.997,11.304,11.812,9130,107843.56,,,,,,,,
2017-12-08,11.327,11.812,11.327,11.535,6820,78668.7,,,,,,,,
2017-12-11,11.42,11.766,11.42,11.65,12260,142829.0,,,,,,,,
2017-12-12,11.535,11.65,11.131,11.304,5120,57876.48,,,,,,,,
2017-12-13,11.512,11.766,11.316,11.627,31950,371482.65,,,,,,,,
2017-12-14,11.627,11.743,11.627,11.743,1110,13034.73,,,,,,,,
2017-12-15,11.65,11.65,11.42,11.535,1590,18340.65,,,,,,,,
2017-12-18,11.535,11.65,11.42,11.42,3300,37686.0,,,,,,,,
2017-12-19,11.42,11.524,11.42,11.524,150,1728.6,,,,,,,,
2017-12-20,11.304,11.42,11.201,11.42,14370,164105.4,,,,,,,,
2017-12-21,11.212,11.408,11.212,11.408,8310,94800.48,,,,,,,,
2017-12-22,11.397,11.397,11.189,11.304,3650,41259.6,,,,,,,,
2017-12-25,11.466,11.466,11.212,11.212,4710,52808.52,,,,,,,,
2017-12-26,11.189,11.304,11.189,11.189,2050,22937.45,,,,,,,,
2017-12-27,11.189,11.304,11.189,11.189,9020,100924.78,,,,,,,,
2017-12-28,11.189,11.304,11.074,11.293,1700,19198.1,,,,,,,,
2017-12-29,11.293,11.489,11.189,11.489,5900,67785.1,,,,,,,,
2018-01-02,11.489,11.973,11.489,11.973,49250,589670.25,490.0,0.0,20000.0,0.0,,1.42,0.02,0.0
2018-01-03,11.973,11.997,11.789,11.881,1580,18771.98,0.0,0.0,0.0,0.0,,1.42,0.0,0.0
2018-01-04,11.927,12.458,11.927,12.227,48510,593131.77,6500.0,450.0,340000.0,20000.0,,1.42,0.34,0.02
2018-01-05,12.227,12.389,11.674,12.227,2510,30689.77,10.0,630.0,0.0,30000.0,,1.42,0.0,0.03
2018-01-08,12.458,12.458,11.881,12.227,17670,216051.09,0.0,0.0,0.0,0.0,,1.42,0.0,0.0
2018-01-09,11.881,13.081,11.881,12.435,351730,4373762.55,390.0,3310.0,20000.0,180000.0,,1.42,0.02,0.18
2018-01-10,12.435,12.435,12.227,12.343,55570,685900.51,0.0,0.0,0.0,0.0,,1.42,0.0,0.0
2018-01-11,12.689,12.689,12.458,12.573,195120,2453243.76,22010.0,15530.0,1210000.0,850000.0,,1.42,1.21,0.85
2018-01-12,12.689,13.15,12.689,12.689,43540,552479.06,85240.0,20.0,46030000.0,10000.0,,1.42,46.03,0.01
2018-01-15,12.458,12.735,12.458,12.689,7680,97451.52,0.0,1400.0,0.0,80000.0,,1.42,0.0,0.08
2018-01-16,12.666,12.666,12.296,12.666,26190,331722.54000000004,500.0,5200.0,30000.0,280000.0,,1.42,0.03,0.28
2018-01-17,12.666,12.666,12.666,12.666,0,0.0,0.0,0.0,0.0,0.0,,1.42,0.0,0.0
2018-01-18,12.642,12.689,12.135,12.642,14190,179389.97999999998,0.0,260.0,0.0,10000.0,,1.42,0.0,0.01
2018-01-19,12.25,12.689,11.997,12.573,21130,265667.49,0.0,6000.0,0.0,310000.0,,1.42,0.0,0.31
2018-01-22,12.135,12.666,12.112,12.135,12990,157633.65,21588.0,1195.0,11660000.0,630000.0,,1.42,11.66,0.63
2018-01-25,12.135,12.689,12.135,12.458,939560,11705038.48,875010.0,13300.0,47250000.0,720000.0,,1.42,47.25,0.72
2018-01-26,12.689,12.689,12.666,12.666,600,7599.6,0.0,0.0,0.0,0.0,,1.42,0.0,0.0
2018-01-29,12.666,12.666,11.881,11.881,8800,104552.8,0.0,500.0,0.0,30000.0,,1.42,0.0,0.03
2018-01-30,11.766,12.412,11.558,12.412,14380,178484.56,0.0,0.0,0.0,0.0,,1.42,0.0,0.0
2018-01-31,11.997,12.689,11.65,11.766,32610,383689.26,4310.0,1000.0,220000.0,50000.0,,1.42,0.22,0.05
2018-02-01,12.112,12.112,11.466,11.95,3560,42542.0,0.0,10.0,0.0,0.0,,1.42,0.0,0.0
2018-02-02,11.927,11.95,11.927,11.95,40,478.0,0.0,0.0,0.0,0.0,,1.42,0.0,0.0
2018-02-05,11.408,11.927,11.408,11.766,12410,146016.06,8000.0,100.0,410000.0,10000.0,,1.42,0.41,0.01
2018-02-06,10.958,11.489,10.947,11.062,21650,239492.3,800.0,8260.0,40000.0,390000.0,,1.42,0.04,0.39
2018-02-07,10.878,11.512,10.878,11.074,4700,52047.8,0.0,0.0,0.0,0.0,,1.42,0.0,0.0
2018-02-08,11.074,11.535,11.074,11.535,5820,67133.7,130.0,750.0,10000.0,40000.0,,1.42,0.01,0.04
2018-02-09,11.535,11.535,11.489,11.512,51550,593443.6,9717.0,10000.0,4860000.0,5000000.0,,1.42,4.86,5.0
2018-02-12,11.535,11.535,11.097,11.512,2230,25671.76,0.0,0.0,0.0,0.0,,1.42,0.0,0.0
2018-02-13,11.512,11.512,11.189,11.512,13160,151497.92,0.0,0.0,0.0,0.0,,1.42,0.0,0.0
2018-02-21,11.604,11.72,11.535,11.72,12500,146500.0,1100.0,0.0,60000.0,0.0,,1.42,0.06,0.0
2018-02-22,11.535,11.697,11.535,11.697,1010,11813.97,0.0,0.0,0.0,0.0,,1.42,0.0,0.0
2018-02-23,11.627,11.627,11.535,11.535,3100,35758.5,0.0,0.0,0.0,0.0,,1.42,0.0,0.0
2018-02-26,11.535,11.535,11.212,11.212,3360,37672.32,0.0,1240.0,0.0,60000.0,,1.42,0.0,0.06
2018-02-27,11.212,11.374,11.212,11.374,10780,122611.72,0.0,600.0,0.0,30000.0,,1.42,0.0,0.03
2018-02-28,11.72,11.743,11.189,11.743,5670,66582.81,0.0,0.0,0.0,0.0,,1.42,0.0,0.0
2018-03-01,11.72,11.72,11.074,11.374,10840,123294.16,0.0,0.0,0.0,0.0,,1.42,0.0,0.0
2018-03-02,11.074,11.397,11.074,11.074,7160,79289.84,0.0,0.0,0.0,0.0,,1.42,0.0,0.0
2018-03-05,11.189,11.189,11.189,11.189,2000,22378.0,0.0,0.0,0.0,0.0,,1.42,0.0,0.0
2018-03-06,11.189,11.304,11.074,11.189,2640,29538.96,0.0,1110.0,0.0,50000.0,,1.42,0.0,0.05
2018-03-07,11.085,11.304,11.074,11.304,8100,91562.4,0.0,4500.0,0.0,220000.0,,1.42,0.0,0.22
2018-03-08,11.304,11.397,11.304,11.397,3630,41371.11,0.0,0.0,0.0,0.0,,1.42,0.0,0.0
2018-03-09,11.397,11.397,11.304,11.374,310,3525.94,0.0,0.0,0.0,0.0,,1.42,0.0,0.0
2018-03-12,11.408,11.42,11.074,11.074,9320,103209.68,0.0,0.0,0.0,0.0,,1.42,0.0,0.0
2018-03-13,10.866,10.958,10.612,10.843,19470,211113.21,0.0,0.0,0.0,0.0,,1.42,0.0,0.0
2018-03-14,10.843,10.843,10.335,10.843,36040,390781.72,0.0,0.0,0.0,0.0,,1.42,0.0,0.0
2018-03-15,10.612,10.612,10.382,10.612,6500,68978.0,0.0,0.0,0.0,0.0,,1.42,0.0,0.0
2018-03-16,10.612,10.612,10.382,10.589,46810,495671.09,10.0,4000.0,0.0,180000.0,,1.42,0.0,0.18
2018-03-19,10.981,10.981,10.981,10.981,10,109.81,0.0,0.0,0.0,0.0,,1.42,0.0,0.0
2018-03-20,10.52,10.612,10.382,10.612,26560,281854.72000000003,1100.0,0.0,90000.0,10000.0,,1.42,0.09,0.01
2018-03-21,10.612,10.82,10.382,10.82,22310,241394.2,110.0,0.0,10000.0,0.0,,1.42,0.01,0.0
2018-03-22,10.716,10.728,10.716,10.728,5250,56322.0,0.0,0.0,0.0,0.0,,1.42,0.0,0.0
2018-03-23,11.189,11.189,10.393,10.843,13410,145404.63,0.0,0.0,0.0,0.0,,1.42,0.0,0.0
2018-03-26,10.612,10.612,10.497,10.612,2420,25681.04,0.0,2200.0,0.0,100000.0,,1.42,0.0,0.1
2018-03-27,10.612,10.612,10.382,10.405,37560,390811.8,0.0,0.0,0.0,0.0,,1.42,0.0,0.0
2018-03-28,10.808,10.808,10.382,10.612,5210,55288.52,600.0,0.0,30000.0,0.0,,1.42,0.03,0.0
2018-03-29,10.197,10.612,10.197,10.612,6010,63778.12,3910.0,0.0,180000.0,0.0,,1.42,0.18,0.0
2018-03-30,10.405,10.497,10.382,10.428,5400,56311.2,0.0,100.0,0.0,0.0,,1.42,0.0,0.0
2018-04-02,10.497,10.981,10.497,10.612,6640,70463.68000000001,0.0,0.0,0.0,0.0,,1.42,0.0,0.0
2018-04-03,10.612,10.612,10.612,10.612,0,0.0,0.0,0.0,0.0,0.0,,1.42,0.0,0.0
2018-04-04,10.612,10.612,10.405,10.612,6350,67386.2,0.0,0.0,0.0,0.0,,1.42,0.0,0.0
2018-04-05,10.612,10.612,10.382,10.612,8000,84896.0,90.0,7900.0,0.0,360000.0,,1.42,0.0,0.36
2018-04-06,10.382,10.935,10.382,10.624,8710,92535.04,0.0,4100.0,0.0,190000.0,,1.42,0.0,0.19
2018-04-09,10.612,10.612,10.382,10.382,2600,26993.2,0.0,200.0,0.0,10000.0,,1.42,0.0,0.01
2018-04-10,10.497,10.566,10.382,10.566,5400,57056.4,400.0,800.0,20000.0,40000.0,,1.42,0.02,0.04
2018-04-11,10.612,10.612,10.405,10.612,13020,138168.24,1850.0,3000.0,80000.0,140000.0,,1.42,0.08,0.14
2018-04-12,10.635,10.716,10.612,10.716,10850,116268.6,0.0,410.0,0.0,20000.0,,1.42,0.0,0.02
2018-04-13,10.624,10.797,10.612,10.797,12470,134638.59,2110.0,0.0,100000.0,0.0,,1.42,0.1,0.0
2018-04-16,10.612,10.82,10.612,10.82,4810,52044.2,0.0,0.0,0.0,0.0,,1.42,0.0,0.0
2018-04-17,10.728,10.82,10.728,10.82,1210,13092.2,0.0,0.0,0.0,0.0,,1.42,0.0,0.0
2018-04-18,10.462,10.728,10.451,10.451,1530,15990.03,0.0,0.0,0.0,0.0,,1.42,0.0,0.0
2018-04-19,10.428,10.612,10.416,10.612,10800,114609.6,960.0,30.0,40000.0,0.0,,1.42,0.04,0.0
2018-04-20,10.601,10.601,10.405,10.405,170,1768.85,0.0,0.0,0.0,0.0,,1.42,0.0,0.0
2018-04-23,10.405,10.566,10.405,10.566,220,2324.52,0.0,0.0,0.0,0.0,,1.42,0.0,0.0
2018-04-24,10.382,10.52,10.382,10.52,2050,21566.0,0.0,0.0,0.0,0.0,,1.42,0.0,0.0
2018-04-26,10.566,11.051,10.52,11.051,26410,291856.91000000003,160.0,0.0,10000.0,0.0,,1.42,0.01,0.0
2018-04-27,11.074,11.074,10.508,10.751,2860,30747.86,0.0,0.0,0.0,0.0,,1.42,0.0,0.0
2018-05-02,10.751,10.958,10.751,10.958,2660,29148.28,0.0,0.0,0.0,0.0,,1.42,0.0,0.0
2018-05-03,10.543,10.843,10.52,10.843,4490,48685.07,10.0,0.0,0.0,0.0,,1.42,0.0,0.0
2018-05-04,10.843,11.074,10.612,11.074,20900,231446.6,0.0,0.0,0.0,0.0,,1.42,0.0,0.0
2018-05-07,11.051,11.074,10.958,11.074,3670,40641.58,0.0,0.0,0.0,0.0,,1.42,0.0,0.0
2018-05-08,10.866,11.074,10.866,11.074,4160,46067.84,0.0,0.0,0.0,0.0,,1.42,0.0,0.0
2018-05-09,11.074,11.189,11.074,11.189,910,10181.99,0.0,0.0,0.0,0.0,,1.42,0.0,0.0
2018-05-10,11.074,11.189,11.074,11.074,5100,56477.4,0.0,50.0,0.0,0.0,,1.42,0.0,0.0
2018-05-11,11.051,11.074,11.028,11.074,1530,16943.22,0.0,0.0,0.0,0.0,,1.42,0.0,0.0
2018-05-14,11.074,11.074,11.074,11.074,510,5647.74,0.0,0.0,0.0,0.0,,1.42,0.0,0.0
2018-05-15,10.843,11.12,10.843,11.074,3360,37208.64,0.0,0.0,0.0,0.0,,1.42,0.0,0.0
2018-05-16,11.074,11.074,10.612,11.074,1790,19822.46,440.0,0.0,20000.0,0.0,,1.42,0.02,0.0
2018-05-17,10.843,11.074,10.843,11.074,14920,165224.08,0.0,0.0,0.0,0.0,,1.42,0.0,0.0
2018-05-18,11.074,11.074,10.843,10.843,11520,124911.36,190.0,0.0,10000.0,0.0,,1.42,0.01,0.0
2018-05-21,10.843,11.074,10.843,11.074,200,2214.8,0.0,0.0,0.0,0.0,,1.42,0.0,0.0
2018-05-22,10.647,11.835,10.647,11.304,19190,216923.76,11900.0,580.0,590000.0,30000.0,,1.42,0.59,0.03
2018-05-23,11.074,11.304,10.843,11.304,1090,12321.36,0.0,0.0,0.0,0.0,,1.42,0.0,0.0
2018-05-24,11.304,11.304,11.304,11.304,0,0.0,0.0,0.0,0.0,0.0,,1.42,0.0,0.0
2018-05-25,11.304,11.304,11.304,11.304,580,6556.32,580.0,0.0,30000.0,0.0,,1.42,0.03,0.0
2018-05-28,11.304,11.304,11.304,11.304,200,2260.8,0.0,0.0,0.0,0.0,,1.42,0.0,0.0
2018-05-29,11.074,11.881,11.074,11.304,1060,11982.24,0.0,0.0,0.0,0.0,,1.42,0.0,0.0
2018-05-30,11.189,11.304,10.843,11.304,5010,56633.04,0.0,0.0,0.0,0.0,,1.42,0.0,0.0
2018-05-31,11.074,11.074,10.843,11.074,2060,22812.44,0.0,1690.0,0.0,80000.0,,1.42,0.0,0.08
2018-06-01,11.535,11.535,11.535,11.535,110,1268.85,0.0,0.0,0.0,0.0,,1.42,0.0,0.0
2018-06-04,11.535,11.535,10.855,11.074,6010,66554.74,4000.0,4010.0,200000.0,200000.0,,1.42,0.2,0.2
2018-06-05,11.074,11.074,10.843,11.074,3440,38094.56,1690.0,0.0,80000.0,0.0,,1.42,0.08,0.0
2018-06-06,10.843,10.843,10.728,10.739,24830,266649.37,0.0,0.0,0.0,0.0,,1.42,0.0,0.0
2018-06-07,11.062,11.189,11.062,11.189,110,1230.79,0.0,0.0,0.0,0.0,,1.42,0.0,0.0
2018-06-08,10.958,11.074,10.843,11.074,2950,32668.3,960.0,0.0,50000.0,0.0,,1.42,0.05,0.0
2018-06-11,11.166,11.166,11.166,11.166,20,223.32,20.0,0.0,0.0,0.0,,1.42,0.0,0.0
2018-06-12,10.958,10.958,10.958,10.958,90,986.22,0.0,0.0,0.0,0.0,,1.42,0.0,0.0
2018-06-13,11.028,11.028,10.958,10.958,410,4492.78,0.0,0.0,0.0,0.0,,1.42,0.0,0.0
2018-06-14,10.958,11.039,10.843,11.039,1290,14240.31,0.0,0.0,0.0,0.0,,1.42,0.0,0.0
2018-06-15,11.258,11.258,10.612,11.051,320,3536.32,0.0,0.0,0.0,0.0,,1.42,0.0,0.0
2018-06-18,10.843,10.843,10.566,10.566,10050,106188.3,1400.0,0.0,60000.0,0.0,,1.42,0.06,0.0
2018-06-19,10.612,10.612,10.612,10.612,120,1273.44,0.0,0.0,0.0,0.0,,1.42,0.0,0.0
2018-06-20,10.612,10.935,10.612,10.935,310,3389.8500000000004,10.0,0.0,0.0,0.0,,1.42,0.0,0.0
2018-06-21,10.935,10.935,10.935,10.935,0,0.0,0.0,0.0,0.0,0.0,,1.42,0.0,0.0
2018-06-22,10.843,10.843,10.382,10.382,8060,83678.92,0.0,0.0,0.0,0.0,,1.42,0.0,0.0
2018-06-25,10.151,10.797,10.151,10.797,50,539.85,0.0,0.0,0.0,0.0,,1.42,0.0,0.0
2018-06-26,10.889,10.889,10.889,10.889,10,108.89,10.0,0.0,0.0,0.0,,1.42,0.0,0.0
2018-06-27,10.497,10.958,10.497,10.958,30,328.74,10.0,10.0,0.0,0.0,,1.42,0.0,0.0
2018-06-28,10.889,10.958,10.382,10.382,7540,78280.28,1000.0,0.0,50000.0,0.0,,1.42,0.05,0.0
2018-06-29,11.108,11.108,11.108,11.108,10,111.08,10.0,0.0,0.0,0.0,,1.42,0.0,0.0
2018-07-02,10.335,10.335,10.335,10.335,500,5167.5,0.0,0.0,0.0,0.0,,1.42,0.0,0.0
2018-07-03,10.151,10.382,10.151,10.382,1510,15676.82,10.0,1080.0,0.0,50000.0,,1.42,0.0,0.05
2018-07-04,10.382,10.382,9.666,10.151,12360,125466.36,10.0,0.0,0.0,0.0,,1.42,0.0,0.0
2018-07-05,9.689,10.151,9.574,9.689,3610,34977.29,0.0,0.0,0.0,0.0,,1.42,0.0,0.0
2018-07-06,9.459,10.139,9.228,10.139,5780,58603.42,0.0,0.0,0.0,0.0,,1.42,0.0,0.0
2018-07-09,10.139,10.139,9.701,10.128,1800,18230.4,0.0,0.0,0.0,0.0,,1.42,0.0,0.0
2018-07-10,10.128,10.128,9.724,10.128,250,2532.0,0.0,0.0,0.0,0.0,,1.42,0.0,0.0
2018-07-11,9.689,10.128,9.689,9.689,1700,16471.3,0.0,0.0,0.0,0.0,,1.42,0.0,0.0
2018-07-12,10.255,10.255,9.92,9.92,330,3273.6,20.0,0.0,0.0,0.0,,1.42,0.0,0.0
2018-07-13,9.92,9.92,9.92,9.92,170,1686.4,0.0,0.0,0.0,0.0,,1.42,0.0,0.0
2018-07-16,9.92,9.92,9.92,9.92,1370,13590.4,0.0,0.0,0.0,0.0,,1.42,0.0,0.0
2018-07-17,9.92,9.92,9.92,9.92,0,0.0,0.0,0.0,0.0,0.0,,1.42,0.0,0.0
2018-07-18,10.382,10.612,10.382,10.612,3330,35337.96,10.0,10.0,0.0,0.0,,1.42,0.0,0.0
2018-07-19,10.589,10.831,10.151,10.382,1050,10901.1,10.0,0.0,0.0,0.0,,1.42,0.0,0.0
2018-07-20,10.612,10.612,10.612,10.612,130,1379.56,110.0,0.0,10000.0,0.0,,1.42,0.01,0.0
2018-07-23,10.612,10.612,10.612,10.612,0,0.0,0.0,0.0,0.0,0.0,,1.42,0.0,0.0
2018-07-24,10.151,10.382,10.151,10.382,2150,22321.3,0.0,0.0,0.0,0.0,,1.42,0.0,0.0
2018-07-25,10.266,10.266,10.151,10.266,610,6262.26,410.0,0.0,20000.0,0.0,,1.42,0.02,0.0
2018-07-26,10.566,10.566,10.266,10.566,1190,12573.54,0.0,0.0,0.0,0.0,,1.42,0.0,0.0
2018-07-27,10.474,10.543,10.151,10.151,4090,41517.59,1250.0,0.0,60000.0,0.0,,1.42,0.06,0.0
2018-07-30,10.382,10.405,10.382,10.382,2590,26889.38,0.0,0.0,0.0,0.0,,1.42,0.0,0.0
2018-07-31,11.097,11.097,10.382,10.382,1010,10485.82,22001.0,22000.0,10120000.0,10120000.0,,1.42,10.12,10.12
2018-08-01,10.151,10.359,10.151,10.359,930,9633.87,920.0,0.0,40000.0,0.0,,1.42,0.04,0.0
2018-08-02,10.266,10.359,10.151,10.359,1310,13570.29,0.0,0.0,0.0,0.0,,1.42,0.0,0.0
2018-08-03,10.266,10.359,10.151,10.359,6090,63086.31,0.0,0.0,0.0,0.0,,1.42,0.0,0.0
2018-08-06,10.266,10.359,10.128,10.359,9030,93541.77,0.0,0.0,0.0,0.0,,1.42,0.0,0.0
2018-08-07,10.174,10.37,10.174,10.37,520,5392.4,0.0,0.0,0.0,0.0,,1.42,0.0,0.0
2018-08-08,10.151,10.37,10.151,10.37,6390,66264.29999999999,0.0,0.0,0.0,0.0,,1.42,0.0,0.0
2018-08-09,10.151,10.359,10.151,10.359,20,207.18,0.0,0.0,0.0,0.0,,1.42,0.0,0.0
2018-08-10,10.151,10.359,10.151,10.359,250,2589.75,0.0,0.0,0.0,0.0,,1.42,0.0,0.0
2018-08-13,9.92,10.335,9.92,10.335,5510,56945.850000000006,0.0,0.0,0.0,0.0,,1.42,0.0,0.0
2018-08-14,10.151,10.612,10.151,10.612,110,1167.32,0.0,0.0,0.0,0.0,,1.42,0.0,0.0
2018-08-15,10.612,10.612,10.151,10.197,4010,40889.97,0.0,0.0,0.0,0.0,,1.42,0.0,0.0
2018-08-16,10.566,10.566,10.566,10.566,110,1162.26,0.0,0.0,0.0,0.0,,1.42,0.0,0.0
2018-08-17,10.612,10.612,10.151,10.151,3220,32686.22,0.0,0.0,0.0,0.0,,1.42,0.0,0.0
2018-08-20,10.151,10.151,9.978,10.151,22310,226468.81,0.0,0.0,0.0,0.0,,1.42,0.0,0.0
2018-08-21,9.978,10.612,9.978,10.312,1040,10724.48,0.0,0.0,0.0,0.0,,1.42,0.0,0.0
2018-08-22,10.151,10.359,10.151,10.359,60,621.54,0.0,0.0,0.0,0.0,,1.42,0.0,0.0
2018-08-23,10.151,10.359,10.151,10.359,2380,24654.42,0.0,0.0,0.0,0.0,,1.42,0.0,0.0
2018-08-24,10.082,10.359,10.082,10.359,20,207.18,0.0,0.0,0.0,0.0,,1.42,0.0,0.0
2018-08-27,10.151,10.382,10.151,10.382,16250,168707.5,0.0,0.0,0.0,0.0,,1.42,0.0,0.0
2018-08-28,10.382,10.612,10.382,10.612,1210,12840.52,0.0,0.0,0.0,0.0,,1.42,0.0,0.0
2018-08-29,10.497,10.497,10.497,10.497,1800,18894.6,0.0,0.0,0.0,0.0,,1.42,0.0,0.0
2018-08-30,10.382,10.497,10.266,10.485,810,8492.85,0.0,0.0,0.0,0.0,,1.42,0.0,0.0
2018-08-31,10.382,10.485,10.382,10.485,130,1363.05,0.0,0.0,0.0,0.0,,1.42,0.0,0.0
2018-09-04,10.485,10.485,10.185,10.382,5060,52532.92,0.0,10.0,0.0,0.0,,1.42,0.0,0.0
2018-09-05,10.151,10.266,10.151,10.162,5080,51622.96000000001,0.0,0.0,0.0,0.0,,1.42,0.0,0.0
2018-09-06,10.382,10.382,10.047,10.359,1410,14606.19,0.0,0.0,0.0,0.0,,1.42,0.0,0.0
2018-09-07,10.359,10.359,10.082,10.266,16780,172263.48,10.0,3750.0,0.0,160000.0,,1.42,0.0,0.16
2018-09-10,10.151,10.266,10.093,10.266,14810,152039.46,0.0,5800.0,0.0,250000.0,,1.42,0.0,0.25
2018-09-11,10.266,10.266,10.151,10.266,6530,67036.98,0.0,2500.0,0.0,110000.0,,1.42,0.0,0.11
2018-09-12,10.22,10.22,10.116,10.116,19640,198678.24,3500.0,9650.0,150000.0,420000.0,,1.42,0.15,0.42
2018-09-13,10.151,10.197,10.128,10.128,14630,148172.64,6000.0,11350.0,260000.0,500000.0,,1.42,0.26,0.5
2018-09-14,10.424,10.424,10.424,10.424,10,104.24,0.0,0.0,0.0,0.0,,1.42,0.0,0.0
2018-09-17,10.199,10.199,10.199,10.199,3010,30698.99,0.0,0.0,0.0,0.0,,1.42,0.0,0.0
2018-09-18,10.412,10.436,9.487,9.487,40690,386026.03,0.0,0.0,0.0,0.0,,1.42,0.0,0.0
2018-09-19,9.487,10.127,9.368,9.487,46280,439058.36,3520.0,34810.0,140000.0,1400000.0,,1.42,0.14,1.4
2018-09-20,10.08,10.104,9.523,9.961,46640,464581.04,22900.0,39190.0,960000.0,1610000.0,,1.42,0.96,1.61
2018-09-21,9.724,9.961,9.487,9.902,66860,662047.72,40150.0,56000.0,1670000.0,2300000.0,,1.42,1.67,2.3
2018-09-24,9.76,10.08,9.76,10.08,7260,73180.8,7240.0,500.0,300000.0,20000.0,,1.42,0.3,0.02
2018-09-25,10.08,10.199,9.961,10.175,14290,145400.75,11050.0,6740.0,470000.0,290000.0,,1.42,0.47,0.29
2018-09-26,10.151,10.175,9.843,10.175,10110,102869.25,8100.0,0.0,340000.0,0.0,,1.42,0.34,0.0
2018-09-27,10.199,10.293,10.104,10.293,12200,125574.6,11000.0,3000.0,470000.0,130000.0,,1.42,0.47,0.13
2018-09-28,10.199,10.673,10.199,10.649,18850,200733.65,14650.0,100.0,650000.0,0.0,,1.42,0.65,0.0
2018-10-01,10.317,10.341,10.199,10.341,3720,38468.52,0.0,0.0,0.0,0.0,,1.42,0.0,0.0
2018-10-02,10.436,10.436,10.317,10.424,3180,33148.32,10.0,0.0,0.0,0.0,,1.42,0.0,0.0
2018-10-03,10.649,10.649,10.436,10.626,2770,29434.02,310.0,0.0,10000.0,0.0,,1.42,0.01,0.0
2018-10-04,10.246,11.147,10.246,11.147,1610,17946.670000000002,0.0,0.0,0.0,0.0,,1.42,0.0,0.0
2018-10-05,11.147,11.147,11.147,11.147,0,0.0,0.0,0.0,0.0,0.0,,1.42,0.0,0.0
2018-10-08,10.448,10.792,10.448,10.673,3270,34900.71,0.0,0.0,0.0,0.0,,1.42,0.0,0.0
2018-10-09,10.554,10.554,10.554,10.554,1580,16675.32,0.0,0.0,0.0,0.0,,1.42,0.0,0.0
2018-10-10,10.673,10.91,10.578,10.91,19060,207944.6,3000.0,4650.0,140000.0,210000.0,,1.42,0.14,0.21
2018-10-11,11.029,11.029,10.673,10.673,58360,622876.28,20000.0,35540.0,900000.0,1600000.0,,1.42,0.9,1.6
2018-10-12,10.673,10.673,10.673,10.673,16910,180480.43,7300.0,16370.0,330000.0,740000.0,,1.42,0.33,0.74
2018-10-15,10.673,10.673,10.554,10.673,8260,88158.98,0.0,7010.0,0.0,320000.0,,1.42,0.0,0.32
2018-10-16,10.436,10.673,10.436,10.673,3990,42585.27,0.0,460.0,0.0,20000.0,,1.42,0.0,0.02
2018-10-17,10.471,10.673,10.471,10.673,360,3842.28,0.0,10.0,0.0,0.0,,1.42,0.0,0.0
2018-10-18,10.673,10.673,10.673,10.673,13500,144085.5,0.0,0.0,0.0,0.0,,1.42,0.0,0.0
2018-10-19,10.151,10.792,10.151,10.673,3160,33726.68,0.0,0.0,0.0,0.0,,1.42,0.0,0.0
2018-10-22,10.673,10.91,10.436,10.91,2600,28366.0,10.0,40.0,0.0,0.0,,1.42,0.0,0.0
2018-10-23,10.673,10.91,10.495,10.898,6520,71054.95999999999,0.0,0.0,0.0,0.0,,1.42,0.0,0.0
2018-10-24,10.697,10.697,10.436,10.697,5400,57763.8,10.0,0.0,0.0,0.0,,1.42,0.0,0.0
2018-10-25,10.792,10.792,10.792,10.792,10,107.92,0.0,0.0,0.0,0.0,,1.42,0.0,0.0
2018-10-26,10.91,10.91,10.46,10.46,25120,262755.2,200.0,12490.0,10000.0,560000.0,,1.42,0.01,0.56
2018-10-29,10.91,10.91,10.317,10.756,7810,84004.36,410.0,0.0,20000.0,0.0,,1.42,0.02,0.0
2018-10-30,10.673,10.792,10.673,10.792,20,215.84,39182.0,39183.0,17630000.0,17630000.0,,1.42,17.63,17.63
2018-10-31,10.46,10.46,10.222,10.436,48620,507398.32,0.0,0.0,0.0,0.0,,1.42,0.0,0.0
2018-11-01,10.436,10.886,10.317,10.886,5050,54974.3,10.0,0.0,0.0,0.0,,1.42,0.0,0.0
2018-11-02,10.792,10.792,10.792,10.792,60,647.52,60.0,0.0,0.0,0.0,,1.42,0.0,0.0
2018-11-05,10.448,10.792,10.448,10.792,80,863.36,10.0,0.0,0.0,0.0,,1.42,0.0,0.0
2018-11-06,10.531,10.792,10.531,10.72,2210,23691.2,0.0,0.0,0.0,0.0,,1.42,0.0,0.0
2018-11-07,10.72,10.72,10.72,10.72,10,107.2,0.0,0.0,0.0,0.0,,1.42,0.0,0.0
2018-11-08,10.554,10.554,10.436,10.531,1160,12215.96,0.0,0.0,0.0,0.0,,1.42,0.0,0.0
2018-11-09,10.388,10.649,10.388,10.649,2120,22575.88,20.0,0.0,0.0,0.0,,1.42,0.0,0.0
2018-11-12,10.436,10.649,10.436,10.649,2610,27793.89,10.0,2400.0,0.0,110000.0,,1.42,0.0,0.11
2018-11-13,10.341,10.578,10.329,10.578,2150,22742.7,10.0,0.0,0.0,0.0,,1.42,0.0,0.0
2018-11-14,10.436,10.436,10.436,10.436,4580,47796.88,0.0,3770.0,0.0,170000.0,,1.42,0.0,0.17
2018-11-15,10.436,10.554,10.436,10.436,2510,26194.36,0.0,2000.0,0.0,90000.0,,1.42,0.0,0.09
2018-11-16,10.199,10.673,10.199,10.531,1700,17902.7,0.0,0.0,0.0,0.0,,1.42,0.0,0.0
2018-11-19,10.91,10.91,10.329,10.673,4410,47067.93,0.0,0.0,0.0,0.0,,1.42,0.0,0.0
2018-11-20,10.91,10.91,10.436,10.436,3860,40282.96,0.0,100.0,0.0,0.0,,1.42,0.0,0.0
2018-11-21,10.436,10.448,10.436,10.448,1510,15776.48,0.0,0.0,0.0,0.0,,1.42,0.0,0.0
2018-11-22,10.91,10.91,10.448,10.649,4710,50156.78999999999,10.0,2000.0,0.0,90000.0,,1.42,0.0,0.09
2018-11-23,10.673,10.673,10.46,10.649,1010,10755.49,10.0,0.0,0.0,0.0,,1.42,0.0,0.0
2018-11-26,10.554,10.554,10.436,10.448,6660,69583.68000000001,0.0,1420.0,0.0,60000.0,,1.42,0.0,0.06
2018-11-27,10.448,10.649,10.436,10.649,7280,77524.71999999999,10.0,6000.0,0.0,260000.0,,1.42,0.0,0.26
2018-11-28,10.46,10.46,10.317,10.436,4750,49571.0,0.0,2500.0,0.0,110000.0,,1.42,0.0,0.11
2018-11-29,10.199,10.673,10.199,10.46,7130,74579.8,100.0,4000.0,0.0,180000.0,,1.42,0.0,0.18
2018-11-30,10.46,10.59,10.46,10.531,3520,37069.12,0.0,3350.0,0.0,150000.0,,1.42,0.0,0.15
2018-12-03,10.519,10.531,10.519,10.531,100,1053.1,0.0,0.0,0.0,0.0,,1.42,0.0,0.0
2018-12-04,10.483,10.554,10.436,10.554,2100,22163.4,10.0,0.0,0.0,0.0,,1.42,0.0,0.0
2018-12-05,10.626,10.626,10.436,10.626,3160,33578.16,10.0,3000.0,0.0,130000.0,,1.42,0.0,0.13
2018-12-06,10.626,10.626,10.626,10.626,0,0.0,0.0,0.0,0.0,0.0,,1.42,0.0,0.0
2018-12-07,10.483,10.554,10.436,10.554,7820,82532.28,0.0,7780.0,0.0,340000.0,,1.42,0.0,0.34
2018-12-10,10.436,10.554,10.436,10.554,9040,95408.16,20.0,10.0,0.0,0.0,,1.42,0.0,0.0
2018-12-11,10.436,10.531,10.436,10.531,1930,20324.83,10.0,1930.0,0.0,80000.0,,1.42,0.0,0.08
2018-12-12,10.436,10.436,10.436,10.436,2200,22959.2,0.0,0.0,0.0,0.0,,1.42,0.0,0.0
2018-12-13,10.199,10.554,10.199,10.554,190,2005.26,10.0,0.0,0.0,0.0,,1.42,0.0,0.0
2018-12-14,10.554,10.554,10.436,10.436,3550,37047.8,0.0,0.0,0.0,0.0,,1.42,0.0,0.0
2018-12-17,10.329,10.436,10.317,10.329,1960,20244.84,0.0,820.0,0.0,40000.0,,1.42,0.0,0.04
2018-12-18,10.21,10.436,10.21,10.436,1960,20454.56,0.0,0.0,0.0,0.0,,1.42,0.0,0.0
2018-12-19,10.436,10.436,10.436,10.436,0,0.0,0.0,0.0,0.0,0.0,,1.42,0.0,0.0
2018-12-20,10.092,10.424,10.08,10.424,3660,38151.84,0.0,1050.0,0.0,40000.0,,1.42,0.0,0.04
2018-12-21,10.199,10.424,10.199,10.424,620,6462.88,10.0,0.0,0.0,0.0,,1.42,0.0,0.0
2018-12-24,10.424,10.424,10.199,10.199,5830,59460.17,0.0,0.0,0.0,0.0,,1.42,0.0,0.0
2018-12-25,10.08,10.305,9.961,9.961,2320,23109.52,0.0,0.0,0.0,0.0,,1.42,0.0,0.0
2018-12-26,9.843,10.175,9.843,10.08,820,8265.6,0.0,0.0,0.0,0.0,,1.42,0.0,0.0
2018-12-27,10.436,10.436,9.855,9.855,3730,36759.15,0.0,0.0,0.0,0.0,,1.42,0.0,0.0
2018-12-28,9.961,10.199,9.961,10.199,530,5405.47,0.0,0.0,0.0,0.0,,1.42,0.0,0.0
2019-01-02,10.199,10.199,10.187,10.187,4710,47980.77,0.0,0.0,0.0,0.0,,1.42,0.0,0.0
2019-01-03,9.961,10.187,9.724,9.748,5370,52346.76,0.0,0.0,0.0,0.0,,1.42,0.0,0.0
2019-01-04,10.163,10.163,9.843,10.151,2760,28016.76,10.0,0.0,0.0,0.0,,1.42,0.0,0.0
2019-01-07,10.151,10.151,9.878,10.151,3030,30757.53,2010.0,0.0,90000.0,0.0,,1.42,0.09,0.0
2019-01-08,10.116,10.116,9.843,9.961,1860,18527.46,0.0,0.0,0.0,0.0,,1.42,0.0,0.0
2019-01-09,10.009,10.009,9.961,9.961,1100,10957.1,0.0,100.0,0.0,0.0,,1.42,0.0,0.0
2019-01-10,9.772,9.938,9.736,9.938,5000,49690.0,0.0,2000.0,0.0,80000.0,,1.42,0.0,0.08
2019-01-11,9.843,9.914,9.843,9.914,40,396.56,10.0,10.0,0.0,0.0,,1.42,0.0,0.0
2019-01-14,9.961,9.985,9.961,9.961,26330,262273.13,25600.0,18890.0,1080000.0,790000.0,,1.42,1.08,0.79
2019-01-15,9.938,10.08,9.724,10.08,3200,32256.0,10001.0,30000.0,4200000.0,12600000.0,,1.42,4.2,12.6
2019-01-16,10.08,10.08,10.08,10.08,0,0.0,0.0,0.0,0.0,0.0,,1.42,0.0,0.0
2019-01-17,10.08,10.08,9.724,10.056,7530,75721.68,10.0,0.0,0.0,0.0,,1.42,0.0,0.0
2019-01-18,10.056,10.056,10.056,10.056,0,0.0,0.0,0.0,0.0,0.0,,1.42,0.0,0.0
2019-01-21,9.961,9.961,9.724,9.961,1320,13148.52,0.0,0.0,0.0,0.0,,1.42,0.0,0.0
2019-01-22,9.76,10.056,9.701,10.056,410,4122.96,0.0,0.0,0.0,0.0,,1.42,0.0,0.0
2019-01-23,9.961,9.961,9.961,9.961,2000,19922.0,0.0,0.0,0.0,0.0,,1.42,0.0,0.0
2019-01-24,9.772,10.614,9.724,10.614,4120,43729.68,110.0,0.0,0.0,0.0,,1.42,0.0,0.0
2019-01-25,10.614,10.614,9.961,10.424,1070,11153.68,0.0,0.0,0.0,0.0,,1.42,0.0,0.0
2019-01-28,11.147,11.147,9.997,10.199,1880,19174.12,1450.0,0.0,60000.0,0.0,,1.42,0.06,0.0
2019-01-29,10.886,10.886,10.199,10.199,1980,20194.02,0.0,0.0,0.0,0.0,,1.42,0.0,0.0
2019-01-30,10.08,10.661,10.08,10.222,2420,24737.24,420.0,20.0,20000.0,0.0,,1.42,0.02,0.0
2019-01-31,10.199,10.199,10.151,10.151,2600,26392.6,2510.0,2500.0,110000.0,110000.0,,1.42,0.11,0.11
2019-02-01,10.199,10.317,10.199,10.317,9840,101519.28,6240.0,0.0,270000.0,0.0,,1.42,0.27,0.0
2019-02-11,10.317,10.424,10.151,10.365,24750,256533.75,10.0,0.0,0.0,0.0,,1.42,0.0,0.0
2019-02-12,10.365,10.365,10.365,10.365,0,0.0,0.0,0.0,0.0,0.0,,1.42,0.0,0.0
2019-02-13,11.076,11.076,10.365,10.365,11620,120441.3,2010.0,10.0,90000.0,0.0,,1.42,0.09,0.0
2019-02-14,10.436,10.436,10.436,10.436,10,104.36,10.0,0.0,0.0,0.0,,1.42,0.0,0.0
2019-02-15,10.317,10.72,10.199,10.72,4240,45452.8,1100.0,4200.0,50000.0,180000.0,,1.42,0.05,0.18
2019-02-18,10.554,10.673,10.554,10.673,5790,61796.67,0.0,0.0,0.0,0.0,,1.42,0.0,0.0
2019-02-19,10.412,10.436,10.246,10.246,5900,60451.4,1110.0,0.0,50000.0,0.0,,1.42,0.05,0.0
2019-02-20,10.554,10.554,10.246,10.554,1420,14986.68,500.0,0.0,20000.0,0.0,,1.42,0.02,0.0
2019-02-21,10.199,10.554,10.199,10.554,5170,54564.18,10.0,0.0,0.0,0.0,,1.42,0.0,0.0
2019-02-22,10.436,10.554,10.317,10.554,4100,43271.4,510.0,2000.0,20000.0,90000.0,,1.42,0.02,0.09
2019-02-25,10.436,10.673,10.317,10.626,12260,130274.76,2650.0,0.0,120000.0,0.0,,1.42,0.12,0.0
2019-02-26,10.436,10.554,10.436,10.436,130,1356.68,0.0,0.0,0.0,0.0,,1.42,0.0,0.0
2019-02-27,10.46,10.792,10.436,10.483,24810,260083.23,12268.0,10000.0,5500000.0,4500000.0,,1.42,5.5,4.5
2019-02-28,10.471,10.863,10.317,10.863,5920,64308.96,5010.0,1000.0,220000.0,40000.0,,1.42,0.22,0.04
2019-03-01,10.839,10.839,10.673,10.839,150,1625.85,0.0,0.0,0.0,0.0,,1.42,0.0,0.0
2019-03-04,10.72,10.886,10.626,10.792,13090,141267.28,2790.0,0.0,120000.0,0.0,,1.42,0.12,0.0
2019-03-05,10.673,10.803,10.483,10.803,6850,74000.55,10.0,0.0,0.0,0.0,,1.42,0.0,0.0
2019-03-06,10.673,10.91,10.673,10.91,14070,153503.7,1000.0,500.0,50000.0,20000.0,,1.42,0.05,0.02
2019-03-07,10.673,10.958,10.673,10.958,6810,74623.98,10.0,1400.0,0.0,60000.0,,1.42,0.0,0.06
2019-03-08,10.578,10.792,10.578,10.673,910,9712.43,0.0,290.0,0.0,10000.0,,1.42,0.0,0.01
2019-03-11,10.483,10.934,10.483,10.934,7910,86487.93999999999,10.0,0.0,0.0,0.0,,1.42,0.0,0.0
2019-03-12,10.934,11.681,10.934,11.064,3960,43813.44,130.0,140.0,10000.0,10000.0,,1.42,0.01,0.01
2019-03-13,11.076,11.384,10.792,11.384,4240,48268.16,670.0,3120.0,30000.0,150000.0,,1.42,0.03,0.15
2019-03-14,10.744,11.147,10.744,11.029,2680,29557.72,740.0,0.0,30000.0,0.0,,1.42,0.03,0.0
2019-03-15,10.91,11.029,10.792,11.029,4310,47534.99,2610.0,0.0,120000.0,0.0,,1.42,0.12,0.0
2019-03-18,10.72,11.147,10.72,10.922,5120,55920.64,0.0,740.0,0.0,30000.0,,1.42,0.0,0.03
2019-03-19,10.803,10.934,10.792,10.91,2930,31966.3,800.0,200.0,40000.0,10000.0,,1.42,0.04,0.01
2019-03-20,10.744,10.91,10.744,10.91,3810,41567.1,2270.0,0.0,100000.0,0.0,,1.42,0.1,0.0
2019-03-21,10.803,10.803,10.673,10.792,3250,35074.0,210.0,0.0,10000.0,0.0,,1.42,0.01,0.0
2019-03-22,10.673,10.839,10.673,10.839,11930,129309.27,7001.0,7000.0,3180000.0,3180000.0,,1.42,3.18,3.18
2019-03-25,10.898,10.91,10.744,10.744,9320,100134.08,1020.0,4390.0,50000.0,200000.0,,1.42,0.05,0.2
2019-03-26,10.886,10.91,10.673,10.673,2310,24654.63,10.0,100.0,0.0,0.0,,1.42,0.0,0.0
2019-03-27,10.637,10.673,10.436,10.673,4820,51443.86,20.0,0.0,0.0,0.0,,1.42,0.0,0.0
2019-03-28,10.46,10.649,10.317,10.365,5740,59495.1,10.0,2070.0,0.0,90000.0,,1.42,0.0,0.09
2019-03-29,10.412,10.661,10.246,10.661,2940,31343.34,300.0,0.0,10000.0,0.0,,1.42,0.01,0.0
2019-04-01,10.673,10.673,10.222,10.436,13090,136607.24,1010.0,1280.0,40000.0,60000.0,,1.42,0.04,0.06
2019-04-02,10.412,10.507,10.412,10.507,24140,253638.98,17980.0,21720.0,790000.0,960000.0,,1.42,0.79,0.96
2019-04-03,10.436,10.495,10.365,10.365,3590,37210.35,3000.0,0.0,130000.0,0.0,,1.42,0.13,0.0
2019-04-04,10.388,10.543,10.388,10.543,20090,211808.87,18000.0,13000.0,790000.0,570000.0,,1.42,0.79,0.57
2019-04-05,10.543,10.661,10.436,10.661,330,3518.13,0.0,0.0,0.0,0.0,,1.42,0.0,0.0
2019-04-08,10.661,10.661,10.661,10.661,50,533.05,40.0,0.0,0.0,0.0,,1.42,0.0,0.0
2019-04-09,10.436,10.531,10.388,10.531,1780,18745.18,30.0,0.0,0.0,0.0,,1.42,0.0,0.0
2019-04-10,10.151,10.614,10.151,10.293,1550,15954.15,1200.0,0.0,50000.0,0.0,,1.42,0.05,0.0
2019-04-11,10.293,10.626,10.293,10.626,1100,11688.6,0.0,0.0,0.0,0.0,,1.42,0.0,0.0
2019-04-12,10.614,10.661,10.483,10.554,1760,18575.04,0.0,990.0,0.0,40000.0,,1.42,0.0,0.04
2019-04-16,10.317,10.495,10.317,10.495,1250,13118.749999999998,0.0,20.0,0.0,0.0,,1.42,0.0,0.0
2019-04-17,10.543,10.543,10.199,10.199,5130,52320.87,12002.0,12000.0,5160000.0,5160000.0,,1.42,5.16,5.16
2019-04-18,10.317,10.317,10.199,10.199,3150,32126.85,300.0,0.0,10000.0,0.0,,1.42,0.01,0.0
2019-04-19,10.21,10.305,10.187,10.199,9210,93932.79,3120.0,3030.0,130000.0,130000.0,,1.42,0.13,0.13
2019-04-22,10.199,10.246,10.187,10.199,15180,154820.82,6020.0,9760.0,260000.0,420000.0,,1.42,0.26,0.42
2019-04-23,10.222,10.222,10.187,10.199,15910,162266.09,5820.0,5729.0,2500000.0,2460000.0,,1.42,2.5,2.46
2019-04-24,10.199,10.673,10.199,10.554,23170,244536.18,6375.0,6486.0,2740000.0,2790000.0,,1.42,2.74,2.79
2019-04-25,10.554,10.554,10.27,10.519,2330,24509.27,690.0,0.0,30000.0,0.0,,1.42,0.03,0.0
2019-04-26,10.507,10.637,10.436,10.59,2980,31558.2,10.0,0.0,0.0,0.0,,1.42,0.0,0.0
2019-05-02,10.554,10.554,10.199,10.436,2250,23481.0,20.0,0.0,0.0,0.0,,1.42,0.0,0.0
2019-05-03,10.436,10.436,10.21,10.424,2830,29499.92,2400.0,1100.0,100000.0,50000.0,,1.42,0.1,0.05
2019-05-06,10.246,10.246,10.199,10.199,10990,112087.01,10110.0,0.0,440000.0,0.0,,1.42,0.44,0.0
2019-05-07,10.234,10.305,10.199,10.222,2680,27394.96,1260.0,2000.0,50000.0,90000.0,,1.42,0.05,0.09
2019-05-08,10.199,10.519,10.104,10.519,9620,101192.78,4950.0,0.0,210000.0,0.0,,1.42,0.21,0.0
2019-05-09,10.246,10.293,10.08,10.199,5100,52014.9,4040.0,30.0,170000.0,0.0,,1.42,0.17,0.0
2019-05-10,10.199,10.293,10.199,10.293,4010,41274.93,1010.0,0.0,40000.0,0.0,,1.42,0.04,0.0
2019-05-13,10.199,10.246,10.199,10.222,9650,98642.3,4900.0,2100.0,210000.0,90000.0,,1.42,0.21,0.09
2019-05-14,10.199,10.317,10.199,10.317,6140,63346.380000000005,3010.0,0.0,130000.0,0.0,,1.42,0.13,0.0
2019-05-15,10.388,10.436,10.388,10.388,2300,23892.4,2200.0,0.0,100000.0,0.0,,1.42,0.1,0.0
2019-05-16,10.317,10.424,10.199,10.424,5150,53683.6,10.0,0.0,0.0,0.0,,1.42,0.0,0.0
2019-05-17,10.424,10.436,10.222,10.222,6950,71042.9,0.0,0.0,0.0,0.0,,1.42,0.0,0.0
2019-05-20,10.222,10.436,10.222,10.222,1870,19115.14,1000.0,0.0,40000.0,0.0,,1.42,0.04,0.0
2019-05-21,10.222,10.4,9.985,10.4,10500,109200.0,10.0,0.0,0.0,0.0,,1.42,0.0,0.0
2019-05-22,10.246,10.412,10.21,10.412,4700,48936.4,3500.0,0.0,150000.0,0.0,,1.42,0.15,0.0
2019-05-23,10.412,10.412,10.412,10.412,0,0.0,0.0,0.0,0.0,0.0,,1.42,0.0,0.0
2019-05-24,10.27,10.282,10.27,10.27,4900,50323.0,0.0,0.0,0.0,0.0,,1.42,0.0,0.0
2019-05-27,10.246,10.388,10.246,10.388,650,6752.2,10.0,270.0,0.0,10000.0,,1.42,0.0,0.01
2019-05-28,10.317,10.412,10.317,10.412,5020,52268.240000000005,5020.0,0.0,220000.0,0.0,,1.42,0.22,0.0
2019-05-29,10.626,10.626,10.436,10.436,510,5322.36,10.0,0.0,0.0,0.0,,1.42,0.0,0.0
2019-05-30,10.412,10.436,10.412,10.436,5500,57398.0,0.0,0.0,0.0,0.0,,1.42,0.0,0.0
2019-05-31,10.436,10.531,10.365,10.436,6810,71069.16,10.0,0.0,0.0,0.0,,1.42,0.0,0.0
2019-06-03,10.412,10.436,10.199,10.412,6880,71634.56000000001,210.0,0.0,10000.0,0.0,,1.42,0.01,0.0
2019-06-04,10.412,10.436,10.412,10.436,1190,12418.84,0.0,0.0,0.0,0.0,,1.42,0.0,0.0
2019-06-05,10.436,10.436,10.187,10.424,10760,112162.24,20.0,0.0,0.0,0.0,,1.42,0.0,0.0
2019-06-06,10.222,10.436,9.961,10.4,23400,243360.0,3780.0,0.0,160000.0,0.0,,1.42,0.16,0.0
2019-06-07,9.997,10.436,9.985,10.436,670,6992.12,70.0,0.0,0.0,0.0,,1.42,0.0,0.0
2019-06-10,10.199,10.436,10.009,10.436,2660,27759.76,160.0,500.0,10000.0,20000.0,,1.42,0.01,0.02
2019-06-11,10.127,10.412,10.127,10.412,490,5101.88,0.0,0.0,0.0,0.0,,1.42,0.0,0.0
2019-06-12,10.412,10.412,10.412,10.412,50,520.6,50.0,0.0,0.0,0.0,,1.42,0.0,0.0
2019-06-13,10.4,10.4,10.199,10.199,60,611.9399999999999,0.0,0.0,0.0,0.0,,1.42,0.0,0.0
2019-06-14,10.21,10.412,10.199,10.199,1920,19582.08,0.0,0.0,0.0,0.0,,1.42,0.0,0.0
2019-06-17,10.199,10.199,10.199,10.199,2250,22947.75,100.0,0.0,0.0,0.0,,1.42,0.0,0.0
2019-06-18,10.412,10.412,10.246,10.246,1510,15471.46,0.0,0.0,0.0,0.0,,1.42,0.0,0.0
2019-06-19,10.554,10.554,10.27,10.27,350,3594.5,0.0,0.0,0.0,0.0,,1.42,0.0,0.0
2019-06-20,10.199,10.199,9.973,10.199,4110,41917.89,10.0,0.0,0.0,0.0,,1.42,0.0,0.0
2019-06-21,10.127,10.199,10.127,10.199,30,305.97,10.0,0.0,0.0,0.0,,1.42,0.0,0.0
2019-06-24,10.649,10.649,10.08,10.199,3530,36002.47,30.0,500.0,0.0,20000.0,,1.42,0.0,0.02
2019-06-25,10.199,10.199,10.104,10.199,3250,33146.75,0.0,0.0,0.0,0.0,,1.42,0.0,0.0
2019-06-26,10.175,10.175,9.985,9.985,1220,12181.7,50.0,0.0,0.0,0.0,,1.42,0.0,0.0
2019-06-27,10.175,10.175,10.08,10.175,2910,29609.250000000004,2710.0,0.0,120000.0,0.0,,1.42,0.12,0.0
2019-06-28,9.961,9.961,9.961,9.961,500,4980.5,170.0,0.0,10000.0,0.0,,1.42,0.01,0.0
2019-07-01,10.08,10.246,9.961,10.08,14900,150192.0,2430.0,0.0,100000.0,0.0,,1.42,0.1,0.0
2019-07-02,10.199,10.199,9.961,9.961,6980,69527.78,0.0,0.0,0.0,0.0,,1.42,0.0,0.0
2019-07-03,9.961,9.961,9.961,9.961,7740,77098.14,0.0,0.0,0.0,0.0,,1.42,0.0,0.0
2019-07-04,9.985,9.985,9.961,9.961,5010,49904.61,0.0,5000.0,0.0,210000.0,,1.42,0.0,0.21
2019-07-05,9.961,10.009,9.961,10.009,6000,60054.0,0.0,0.0,0.0,0.0,,1.42,0.0,0.0
2019-07-08,10.08,10.08,9.961,9.961,7090,70623.49,230.0,0.0,10000.0,0.0,,1.42,0.01,0.0
2019-07-09,9.961,9.973,9.961,9.961,10520,104789.72,0.0,0.0,0.0,0.0,,1.42,0.0,0.0
2019-07-10,9.961,10.305,9.938,9.938,1340,13316.92,410.0,0.0,20000.0,0.0,,1.42,0.02,0.0
2019-07-11,10.436,10.436,9.961,10.317,1240,12793.08,1210.0,0.0,50000.0,0.0,,1.42,0.05,0.0
2019-07-12,10.199,10.412,10.199,10.412,1600,16659.2,10.0,0.0,0.0,0.0,,1.42,0.0,0.0
2019-07-15,10.199,10.199,10.199,10.199,500,5099.5,0.0,0.0,0.0,0.0,,1.42,0.0,0.0
2019-07-16,9.985,10.199,9.961,10.199,5280,53850.72,0.0,0.0,0.0,0.0,,1.42,0.0,0.0
2019-07-17,10.91,10.91,10.199,10.199,1010,10300.99,10.0,0.0,0.0,0.0,,1.42,0.0,0.0
2019-07-18,10.199,10.199,10.199,10.199,13980,142582.02,1280.0,0.0,60000.0,0.0,,1.42,0.06,0.0
2019-07-19,10.116,10.317,10.033,10.127,4520,45774.04,1220.0,0.0,50000.0,0.0,,1.42,0.05,0.0
2019-07-22,10.199,10.199,10.044,10.044,1130,11349.72,0.0,0.0,0.0,0.0,,1.42,0.0,0.0
2019-07-23,10.199,10.424,10.199,10.365,5540,57422.1,20.0,2000.0,0.0,90000.0,,1.42,0.0,0.09
2019-07-24,11.088,11.088,10.222,10.436,60,626.16,20.0,0.0,0.0,0.0,,1.42,0.0,0.0
2019-07-25,10.199,11.1,10.199,11.1,2720,30192.0,110.0,2000.0,0.0,90000.0,,1.42,0.0,0.09
2019-07-26,10.329,10.436,10.329,10.436,310,3235.16,0.0,0.0,0.0,0.0,,1.42,0.0,0.0
2019-07-29,10.104,10.199,9.961,10.009,20170,201881.53,7320.0,3380.0,310000.0,140000.0,,1.42,0.31,0.14
2019-07-30,10.08,10.199,10.08,10.08,2140,21571.2,100.0,0.0,0.0,0.0,,1.42,0.0,0.0
2019-07-31,10.009,10.187,9.985,10.187,13920,141803.03999999998,5560.0,3090.0,230000.0,130000.0,,1.42,0.23,0.13
2019-08-01,10.033,10.033,9.985,9.997,22350,223432.95,800.0,0.0,30000.0,0.0,,1.42,0.03,0.0
2019-08-02,9.985,10.199,9.985,10.199,14030,143091.97,1670.0,0.0,70000.0,0.0,,1.42,0.07,0.0
2019-08-05,10.033,10.08,9.985,10.08,18810,189604.8,4690.0,0.0,200000.0,0.0,,1.42,0.2,0.0
2019-08-06,10.009,10.033,10.009,10.033,170,1705.61,0.0,0.0,0.0,0.0,,1.42,0.0,0.0
2019-08-07,10.163,10.163,10.044,10.044,9430,94714.92,0.0,5980.0,0.0,250000.0,,1.42,0.0,0.25
2019-08-08,10.08,10.08,10.033,10.08,26290,265003.2,0.0,5980.0,0.0,250000.0,,1.42,0.0,0.25
2019-08-09,10.044,10.199,10.033,10.127,14010,141879.27000000002,790.0,7750.0,30000.0,330000.0,,1.42,0.03,0.33
2019-08-12,10.056,10.139,9.961,10.139,3360,34067.04,0.0,370.0,0.0,20000.0,,1.42,0.0,0.02
2019-08-13,10.08,10.199,10.08,10.199,5310,54156.69,0.0,4020.0,0.0,170000.0,,1.42,0.0,0.17
2019-08-14,10.125,10.469,10.125,10.469,4560,47738.64,10.0,3300.0,0.0,140000.0,,1.42,0.0,0.14
2019-08-15,10.469,10.469,10.088,10.322,12370,127683.13999999998,2910.0,4310.0,120000.0,180000.0,,1.42,0.12,0.18
2019-08-16,10.445,10.445,10.199,10.223,9260,94664.98,0.0,8200.0,0.0,340000.0,,1.42,0.0,0.34
2019-08-19,10.445,10.445,10.125,10.408,420,4371.36,10.0,0.0,0.0,0.0,,1.42,0.0,0.0
2019-08-20,10.309,10.395,10.15,10.395,8510,88461.45,0.0,8350.0,0.0,340000.0,,1.42,0.0,0.34
2019-08-21,10.162,10.395,10.15,10.395,3560,37006.2,10.0,300.0,0.0,10000.0,,1.42,0.0,0.01
2019-08-22,10.174,10.248,10.15,10.248,19880,203730.24,20.0,13800.0,0.0,570000.0,,1.42,0.0,0.57
2019-08-23,10.174,10.273,10.15,10.273,20400,209569.2,70.0,0.0,0.0,0.0,,1.42,0.0,0.0
2019-08-26,10.162,10.174,10.1,10.1,24780,250278.0,0.0,15000.0,0.0,620000.0,,1.42,0.0,0.62
2019-08-27,10.076,10.309,9.953,10.309,15060,155253.53999999998,40.0,0.0,0.0,0.0,,1.42,0.0,0.0
2019-08-28,9.928,10.297,9.928,10.199,21450,218768.55,0.0,3400.0,0.0,140000.0,,1.42,0.0,0.14
2019-08-29,10.199,10.199,10.076,10.076,5860,59045.36,10.0,0.0,0.0,0.0,,1.42,0.0,0.0
2019-08-30,10.076,10.076,10.076,10.076,210,2115.96,10.0,0.0,0.0,0.0,,1.42,0.0,0.0
2019-09-03,10.076,10.076,10.076,10.076,50,503.8,0.0,0.0,0.0,0.0,,1.42,0.0,0.0
2019-09-04,9.83,10.162,9.83,10.051,9970,100208.47,20.0,6600.0,0.0,260000.0,,1.42,0.0,0.26
2019-09-05,10.137,10.15,9.584,9.83,7340,72152.2,250.0,4050.0,10000.0,160000.0,,1.42,0.01,0.16
2019-09-06,9.756,9.879,9.756,9.781,6800,66510.8,40.0,5000.0,0.0,200000.0,,1.42,0.0,0.2
2019-09-09,9.781,10.027,9.339,9.363,6010,56271.63,810.0,6000.0,30000.0,230000.0,,1.42,0.03,0.23
2019-09-10,9.83,9.83,9.351,9.351,4300,40209.3,870.0,3000.0,30000.0,120000.0,,1.42,0.03,0.12
2019-09-11,9.572,9.572,9.572,9.572,100,957.2,0.0,90.0,0.0,0.0,,1.42,0.0,0.0
2019-09-12,9.351,9.351,9.351,9.351,1900,17766.9,0.0,1900.0,0.0,70000.0,,1.42,0.0,0.07
2019-09-13,9.584,9.584,9.584,9.584,50,479.2,0.0,0.0,0.0,0.0,,1.42,0.0,0.0
2019-09-16,9.339,9.462,9.339,9.425,5630,53062.75000000001,1920.0,5000.0,70000.0,190000.0,,1.42,0.07,0.19
2019-09-17,9.412,9.412,9.412,9.412,810,7623.72,0.0,0.0,0.0,0.0,,1.42,0.0,0.0
2019-09-18,9.412,9.523,9.412,9.437,900,8493.3,10.0,0.0,0.0,0.0,,1.42,0.0,0.0
2019-09-19,9.437,9.462,9.437,9.462,190,1797.78,0.0,0.0,0.0,0.0,,1.42,0.0,0.0
2019-09-20,9.363,9.56,9.363,9.56,230,2198.8,20.0,100.0,0.0,0.0,,1.42,0.0,0.0
2019-09-23,9.806,9.806,9.412,9.462,200,1892.4,0.0,90.0,0.0,0.0,,1.42,0.0,0.0
2019-09-24,9.363,9.511,9.363,9.511,5070,48220.77,300.0,0.0,10000.0,0.0,,1.42,0.01,0.0
2019-09-25,9.523,9.548,9.523,9.548,310,2959.88,0.0,0.0,0.0,0.0,,1.42,0.0,0.0
2019-09-26,9.634,9.634,9.584,9.634,1750,16859.5,0.0,0.0,0.0,0.0,,1.42,0.0,0.0
2019-09-27,9.584,9.584,9.584,9.584,20,191.68,0.0,0.0,0.0,0.0,,1.42,0.0,0.0
2019-09-30,9.584,9.83,9.584,9.83,4200,41286.0,3010.0,2280.0,120000.0,90000.0,,1.42,0.12,0.09
2019-10-01,9.609,9.609,9.609,9.609,10,96.09,0.0,0.0,0.0,0.0,,1.42,0.0,0.0
2019-10-02,9.83,9.83,9.83,9.83,7500,73725.0,0.0,0.0,0.0,0.0,,1.42,0.0,0.0
2019-10-03,9.707,9.707,9.707,9.707,1100,10677.7,0.0,0.0,0.0,0.0,,1.42,0.0,0.0
2019-10-04,9.806,9.818,9.806,9.818,20,196.36,10.0,0.0,0.0,0.0,,1.42,0.0,0.0
2019-10-07,9.707,9.707,9.707,9.707,2530,24558.710000000003,0.0,0.0,0.0,0.0,,1.42,0.0,0.0
2019-10-08,9.707,9.818,9.707,9.818,2400,23563.2,10.0,0.0,0.0,0.0,,1.42,0.0,0.0
2019-10-09,9.83,9.83,9.707,9.707,1310,12716.17,0.0,0.0,0.0,0.0,,1.42,0.0,0.0
2019-10-10,9.707,9.707,9.695,9.707,2790,27082.53,0.0,0.0,0.0,0.0,,1.42,0.0,0.0
2019-10-11,9.818,9.818,9.707,9.818,1230,12076.14,10.0,0.0,0.0,0.0,,1.42,0.0,0.0
2019-10-14,9.818,9.818,9.818,9.818,0,0.0,0.0,0.0,0.0,0.0,,1.42,0.0,0.0
2019-10-15,9.916,9.916,9.916,9.916,20,198.32,20.0,0.0,0.0,0.0,,1.42,0.0,0.0
2019-10-16,9.916,9.928,9.584,9.928,6720,66716.16,20.0,0.0,0.0,0.0,,1.42,0.0,0.0
2019-10-17,9.818,9.83,9.609,9.609,2760,26520.84,0.0,0.0,0.0,0.0,,1.42,0.0,0.0
2019-10-18,9.634,9.892,9.634,9.892,260,2571.92,20.0,240.0,0.0,10000.0,,1.42,0.0,0.01
2019-10-21,9.707,9.928,9.707,9.928,2840,28195.520000000004,20.0,90.0,0.0,0.0,,1.42,0.0,0.0
2019-10-22,9.928,9.928,9.928,9.928,10,99.28,10.0,0.0,0.0,0.0,,1.42,0.0,0.0
2019-10-23,9.928,9.928,9.928,9.928,0,0.0,0.0,0.0,0.0,0.0,,1.42,0.0,0.0
2019-10-24,9.928,9.928,9.928,9.928,0,0.0,0.0,0.0,0.0,0.0,,1.42,0.0,0.0
2019-10-25,9.928,9.928,9.928,9.928,0,0.0,0.0,0.0,0.0,0.0,,1.42,0.0,0.0
2019-10-28,9.928,9.928,9.928,9.928,0,0.0,0.0,0.0,0.0,0.0,,1.42,0.0,0.0
2019-10-29,9.83,9.83,9.351,9.351,9140,85468.14000000001,10.0,0.0,0.0,0.0,,1.42,0.0,0.0
2019-10-30,9.855,9.855,9.855,9.855,10,98.55,10.0,0.0,0.0,0.0,,1.42,0.0,0.0
2019-10-31,9.855,9.855,9.855,9.855,0,0.0,0.0,0.0,0.0,0.0,,1.42,0.0,0.0
2019-11-01,9.83,9.855,9.781,9.781,49610,485235.41,0.0,3250.0,0.0,130000.0,,1.42,0.0,0.13
2019-11-04,9.756,10.076,9.756,9.978,33500,334263.0,150.0,100.0,10000.0,0.0,,1.42,0.01,0.0
2019-11-05,9.978,10.051,9.83,10.051,580,5829.58,380.0,0.0,20000.0,0.0,,1.42,0.02,0.0
2019-11-06,9.83,10.051,9.806,10.051,20110,202125.61,110.0,10000.0,0.0,400000.0,,1.42,0.0,0.4
2019-11-07,9.584,10.064,9.584,10.064,5030,50621.92,10.0,0.0,0.0,0.0,,1.42,0.0,0.0
2019-11-08,10.064,10.064,10.064,10.064,0,0.0,0.0,0.0,0.0,0.0,,1.42,0.0,0.0
2019-11-11,9.842,9.842,9.842,9.842,6000,59052.0,0.0,0.0,0.0,0.0,,1.42,0.0,0.0
2019-11-12,10.051,10.051,9.842,10.051,1220,12262.22,10.0,0.0,0.0,0.0,,1.42,0.0,0.0
2019-11-13,9.953,10.039,9.953,10.039,21710,217946.69,50.0,0.0,0.0,0.0,,1.42,0.0,0.0
2019-11-14,10.039,10.039,10.039,10.039,0,0.0,0.0,0.0,0.0,0.0,,1.42,0.0,0.0
2019-11-15,10.039,10.039,10.039,10.039,0,0.0,0.0,0.0,0.0,0.0,,1.42,0.0,0.0
2019-11-18,9.83,10.039,9.83,10.039,3970,39854.83,10.0,0.0,0.0,0.0,,1.42,0.0,0.0
2019-11-19,9.781,9.978,9.781,9.978,790,7882.62,0.0,0.0,0.0,0.0,,1.42,0.0,0.0
2019-11-20,9.707,9.978,9.707,9.83,5890,57898.7,10.0,0.0,0.0,0.0,,1.42,0.0,0.0
2019-11-21,10.076,10.076,9.167,9.228,80,738.24,0.0,0.0,0.0,0.0,,1.42,0.0,0.0
2019-11-22,9.83,9.83,9.658,9.83,4630,45512.9,0.0,0.0,0.0,0.0,,1.42,0.0,0.0
2019-11-25,9.83,9.83,9.584,9.83,6520,64091.6,10.0,0.0,0.0,0.0,,1.42,0.0,0.0
2019-11-26,9.83,9.83,9.634,9.83,9240,90829.2,10.0,0.0,0.0,0.0,,1.42,0.0,0.0
2019-11-27,9.83,9.83,9.584,9.584,510,4887.84,0.0,0.0,0.0,0.0,,1.42,0.0,0.0
2019-11-28,9.83,9.953,9.584,9.584,7030,67375.52,0.0,0.0,0.0,0.0,,1.42,0.0,0.0
2019-11-29,9.584,9.584,9.584,9.584,0,0.0,0.0,0.0,0.0,0.0,,1.42,0.0,0.0
2019-12-02,9.584,9.83,8.921,9.83,10040,98693.2,380.0,0.0,10000.0,0.0,,1.42,0.01,0.0
2019-12-03,9.83,9.83,9.83,9.83,30,294.9,0.0,0.0,0.0,0.0,,1.42,0.0,0.0
2019-12-04,9.781,9.953,9.781,9.953,32950,327951.35,2000.0,90.0,80000.0,0.0,,1.42,0.08,0.0
2019-12-05,9.941,9.953,9.339,9.339,32280,301462.92000000004,710.0,0.0,30000.0,0.0,,1.42,0.03,0.0
2019-12-06,9.99,9.99,9.83,9.99,620,6193.8,10.0,0.0,0.0,0.0,,1.42,0.0,0.0
2019-12-09,9.83,9.978,9.83,9.978,7210,71941.38,20.0,3000.0,0.0,120000.0,,1.42,0.0,0.12
2019-12-10,9.978,9.978,9.83,9.978,7070,70544.45999999999,570.0,0.0,20000.0,0.0,,1.42,0.02,0.0
2019-12-11,9.978,9.978,9.83,9.83,5100,50133.0,0.0,0.0,0.0,0.0,,1.42,0.0,0.0
2019-12-12,9.83,9.978,9.83,9.83,15050,147941.5,0.0,0.0,0.0,0.0,,1.42,0.0,0.0
2019-12-13,9.83,9.83,9.83,9.83,15040,147843.2,1000.0,0.0,40000.0,0.0,,1.42,0.04,0.0
2019-12-16,9.83,9.83,9.83,9.83,30990,304631.7,0.0,0.0,0.0,0.0,,1.42,0.0,0.0
2019-12-17,9.83,9.953,9.584,9.584,17460,167336.63999999998,0.0,1880.0,0.0,80000.0,,1.42,0.0,0.08
2019-12-18,9.83,9.855,9.83,9.855,2120,20892.6,1120.0,1110.0,40000.0,40000.0,,1.42,0.04,0.04
2019-12-19,9.855,9.965,9.855,9.855,16000,157680.0,0.0,0.0,0.0,0.0,,1.42,0.0,0.0
2019-12-20,9.855,9.855,9.855,9.855,9000,88695.0,0.0,0.0,0.0,0.0,,1.42,0.0,0.0
2019-12-23,9.855,10.076,9.855,10.076,4390,44233.64,0.0,0.0,0.0,0.0,,1.42,0.0,0.0
2019-12-24,9.953,10.076,9.953,9.953,11770,117146.81,0.0,8760.0,0.0,350000.0,,1.42,0.0,0.35
2019-12-25,10.076,10.076,9.953,10.076,480,4836.4800000000005,10.0,0.0,0.0,0.0,,1.42,0.0,0.0
2019-12-26,10.064,10.064,9.855,9.855,610,6011.55,0.0,0.0,0.0,0.0,,1.42,0.0,0.0
2019-12-27,10.432,10.432,9.855,9.855,20,197.1,0.0,0.0,0.0,0.0,,1.42,0.0,0.0
2019-12-30,9.879,10.199,9.879,10.199,610,6221.39,10.0,600.0,0.0,20000.0,,1.42,0.0,0.02
2019-12-31,9.855,10.567,9.855,10.567,13800,145824.6,7990.0,20.0,340000.0,0.0,,1.42,0.34,0.0
2020-01-02,10.199,10.199,9.953,10.199,1920,19582.08,400.0,0.0,20000.0,0.0,,1.42,0.02,0.0
2020-01-03,10.199,10.199,9.83,9.83,2740,26934.2,0.0,0.0,0.0,0.0,,1.42,0.0,0.0
2020-01-06,9.83,9.953,9.83,9.83,6710,65959.3,0.0,0.0,0.0,0.0,,1.42,0.0,0.0
2020-01-07,10.076,10.076,10.076,10.076,10,100.76,10.0,0.0,0.0,0.0,,1.42,0.0,0.0
2020-01-08,10.076,10.199,9.83,10.199,7030,71698.97,2010.0,0.0,80000.0,0.0,,1.42,0.08,0.0
2020-01-09,10.567,10.567,10.567,10.567,10,105.67,0.0,0.0,0.0,0.0,,1.42,0.0,0.0
2020-01-10,10.445,10.445,9.855,9.855,1410,13895.55,0.0,0.0,0.0,0.0,,1.42,0.0,0.0
2020-01-13,9.855,9.855,9.855,9.855,6180,60903.9,0.0,0.0,0.0,0.0,,1.42,0.0,0.0
2020-01-14,10.076,10.076,9.855,9.855,350200,3451221.0,0.0,0.0,0.0,0.0,,1.42,0.0,0.0
2020-01-15,10.543,10.543,10.076,10.076,30,302.28000000000003,10.0,10.0,0.0,0.0,,1.42,0.0,0.0
2020-01-16,9.855,10.076,9.855,10.076,1580,15920.08,10.0,0.0,0.0,0.0,,1.42,0.0,0.0
2020-01-17,10.076,10.199,10.076,10.199,10260,104641.74,10.0,0.0,0.0,0.0,,1.42,0.0,0.0
2020-01-20,9.732,10.199,9.732,9.83,1020,10026.6,10.0,1000.0,0.0,40000.0,,1.42,0.0,0.04
2020-01-21,10.15,10.15,10.15,10.15,10,101.5,10.0,0.0,0.0,0.0,,1.42,0.0,0.0
2020-01-22,10.15,10.543,9.597,10.15,10980,111447.0,1960.0,10440.0,80000.0,410000.0,,1.42,0.08,0.41
2020-01-30,9.732,9.732,9.732,9.732,10000,97320.0,0.0,10000.0,0.0,400000.0,,1.42,0.0,0.4
2020-01-31,10.076,10.076,9.732,9.806,15410,151110.46,10.0,10000.0,0.0,400000.0,,1.42,0.0,0.4
2020-02-03,9.83,9.83,9.806,9.83,97990,963241.7,0.0,0.0,0.0,0.0,,1.42,0.0,0.0
2020-02-04,9.83,9.83,9.83,9.83,1200,11796.0,0.0,200.0,0.0,10000.0,,1.42,0.0,0.01
2020-02-05,9.953,9.953,9.855,9.855,19980,196902.9,0.0,10000.0,0.0,400000.0,,1.42,0.0,0.4
2020-02-06,9.879,9.953,9.879,9.953,10100,100525.3,2750.0,10000.0,110000.0,400000.0,,1.42,0.11,0.4
2020-02-07,10.297,10.641,10.297,10.555,100,1055.5,80.0,50.0,0.0,0.0,,1.42,0.0,0.0
2020-02-10,9.953,9.953,9.953,9.953,1410,14033.73,0.0,0.0,0.0,0.0,,1.42,0.0,0.0
2020-02-11,9.953,10.076,9.953,10.076,129020,1300005.52,60.0,0.0,0.0,0.0,,1.42,0.0,0.0
2020-02-12,10.002,10.125,9.953,10.125,1200,12150.0,10.0,0.0,0.0,0.0,,1.42,0.0,0.0
2020-02-13,9.953,10.174,9.953,10.174,1050,10682.7,0.0,0.0,0.0,0.0,,1.42,0.0,0.0
2020-02-14,10.813,10.813,9.978,9.978,120,1197.36,20.0,10.0,0.0,0.0,,1.42,0.0,0.0
2020-02-17,10.322,10.322,9.978,10.076,8080,81414.08,10.0,20.0,0.0,0.0,,1.42,0.0,0.0
2020-02-18,10.445,10.445,10.002,10.051,6230,62617.73,0.0,0.0,0.0,0.0,,1.42,0.0,0.0
2020-02-19,10.322,10.445,9.978,10.445,8240,86066.8,20.0,3000.0,0.0,130000.0,,1.42,0.0,0.13
2020-02-20,10.076,10.445,9.953,10.42,12570,130979.4,40.0,0.0,0.0,0.0,,1.42,0.0,0.0
2020-02-21,10.076,10.432,9.953,10.432,8020,83664.64,30.0,0.0,0.0,0.0,,1.42,0.0,0.0
2020-02-24,9.842,11.059,9.842,10.322,25270,260836.94,10.0,0.0,0.0,0.0,,1.42,0.0,0.0
2020-02-25,9.978,9.978,9.965,9.965,6120,60985.8,0.0,690.0,0.0,30000.0,,1.42,0.0,0.03
2020-02-26,9.707,10.371,9.707,10.371,4590,47602.89,20.0,330.0,0.0,10000.0,,1.42,0.0,0.01
2020-02-27,10.125,10.395,10.125,10.395,4930,51247.35,10.0,200000.0,0.0,89800000.0,,1.42,0.0,89.8
2020-02-28,9.83,10.408,9.83,10.15,1180,11977.0,4.0,47645.0,0.0,20230000.0,,1.42,0.0,20.23
2020-03-02,9.83,10.174,9.83,9.892,11930,118011.56,0.0,4900.0,0.0,200000.0,,1.42,0.0,0.2
2020-03-03,10.567,10.567,9.351,10.469,7600,79564.4,0.0,4160.0,0.0,170000.0,,1.42,0.0,0.17
2020-03-04,10.924,10.924,10.076,10.137,1630,16523.31,10853.0,101.0,4780000.0,40000.0,,1.42,4.78,0.04
2020-03-05,10.199,10.322,10.15,10.322,7310,75453.81999999999,10.0,3310.0,0.0,140000.0,,1.42,0.0,0.14
2020-03-06,10.531,10.531,10.199,10.199,20,203.98,10.0,10.0,0.0,0.0,,1.42,0.0,0.0
2020-03-09,10.125,10.199,10.125,10.15,16670,169200.5,0.0,1750.0,0.0,70000.0,,1.42,0.0,0.07
2020-03-10,10.567,10.567,10.567,10.567,10,105.67,1.0,44501.0,0.0,19140000.0,,1.42,0.0,19.14
2020-03-11,9.953,10.297,9.953,10.297,6320,65077.04,10.0,110.0,0.0,0.0,,1.42,0.0,0.0
2020-03-12,9.855,10.223,9.83,10.076,11110,111944.36,0.0,50037.0,0.0,22270000.0,,1.42,0.0,22.27
2020-03-13,9.83,10.076,9.83,10.027,7440,74600.87999999999,0.0,970.0,0.0,40000.0,,1.42,0.0,0.04
2020-03-16,10.076,10.076,9.83,9.965,51270,510905.55,0.0,19570.0,0.0,790000.0,,1.42,0.0,0.79
2020-03-17,9.978,10.432,9.855,10.432,52960,552478.72,10.0,43780.0,0.0,1780000.0,,1.42,0.0,1.78
2020-03-18,9.83,10.666,9.83,10.481,1060,11109.86,2.0,126428.0,0.0,56890000.0,,1.42,0.0,56.89
2020-03-19,10.481,10.481,9.855,10.445,55510,579801.9500000001,2.0,8949.0,0.0,3910000.0,,1.42,0.0,3.91
2020-03-20,10.764,10.764,10.445,10.445,5720,59745.4,0.0,0.0,0.0,0.0,,1.42,0.0,0.0
2020-03-23,9.879,10.371,9.879,10.371,1500,15556.5,0.0,480.0,0.0,20000.0,,1.42,0.0,0.02
2020-03-24,10.371,10.567,10.371,10.371,14300,148305.30000000002,0.0,151152.0,0.0,67430000.0,,1.42,0.0,67.43
2020-03-25,10.371,10.371,10.199,10.199,20,203.98,0.0,122060.0,0.0,54610000.0,,1.42,0.0,54.61
2020-03-26,10.42,10.838,10.42,10.838,4180,45302.84,180.0,1000.0,10000.0,40000.0,,1.42,0.01,0.04
2020-03-27,10.838,11.526,10.813,11.526,38570,444557.82,3000.0,12900.0,140000.0,600000.0,,1.42,0.14,0.6
2020-03-30,12.239,12.239,10.739,11.305,3740,42280.7,10.0,169725.0,0.0,84860000.0,,1.42,0.0,84.86
2020-03-31,10.617,11.514,10.567,11.305,114560,1295100.8,10.0,31100.0,0.0,1440000.0,,1.42,0.0,1.44
2020-04-01,10.813,11.182,10.813,11.182,9390,104998.98,0.0,8680.0,0.0,390000.0,,1.42,0.0,0.39
2020-04-03,11.059,11.55,11.059,11.059,11340,125409.06,0.0,0.0,0.0,0.0,,1.42,0.0,0.0
2020-04-06,11.501,11.55,11.059,11.428,43610,498375.08,1390.0,0.0,60000.0,0.0,,1.42,0.06,0.0
2020-04-07,11.305,11.919,11.305,11.919,30820,367343.58,50.0,0.0,0.0,0.0,,1.42,0.0,0.0
2020-04-08,11.673,11.796,11.673,11.796,2280,26894.88,0.0,280.0,0.0,10000.0,,1.42,0.0,0.01
2020-04-09,11.796,11.796,11.673,11.796,1060,12503.76,0.0,840.0,0.0,40000.0,,1.42,0.0,0.04
2020-04-10,11.796,11.919,11.083,11.083,4950,54860.85,0.0,0.0,0.0,0.0,,1.42,0.0,0.0
2020-04-13,11.673,11.821,11.673,11.821,22640,267627.44,0.0,0.0,0.0,0.0,,1.42,0.0,0.0
2020-04-14,11.206,12.288,11.182,11.845,25220,298730.9,0.0,2410.0,0.0,120000.0,,1.42,0.0,0.12
2020-04-15,12.288,12.435,11.821,11.919,31360,373779.84,0.0,0.0,0.0,0.0,,1.42,0.0,0.0
2020-04-16,12.411,12.73,12.411,12.73,32110,408760.3,0.0,9500.0,0.0,490000.0,,1.42,0.0,0.49
2020-04-17,12.067,12.976,12.067,12.533,2020,25316.66,0.0,0.0,0.0,0.0,,1.42,0.0,0.0
2020-04-20,13.271,13.394,12.288,12.411,10800,134038.8,0.0,0.0,0.0,0.0,,1.42,0.0,0.0
2020-04-21,12.411,12.558,12.411,12.558,10680,134119.44,0.0,0.0,0.0,0.0,,1.42,0.0,0.0
2020-04-22,12.558,12.558,12.558,12.558,0,0.0,0.0,0.0,0.0,0.0,,1.42,0.0,0.0
2020-04-23,12.779,12.779,12.607,12.607,15360,193643.52,2000.0,0.0,100000.0,0.0,,1.42,0.1,0.0
2020-04-24,12.607,13.467,12.607,12.828,14850,190495.8,210.0,7200.0,10000.0,380000.0,,1.42,0.01,0.38
2020-04-27,13.713,13.713,13.025,13.025,50100,652552.5,2000.0,1500.0,110000.0,80000.0,,1.42,0.11,0.08
2020-04-28,13.148,13.934,12.288,13.934,36720,511656.48,10.0,8450.0,0.0,460000.0,,1.42,0.0,0.46
2020-04-29,13.934,14.893,13.05,14.008,96580,1352892.64,400.0,20150.0,20000.0,1220000.0,,1.42,0.02,1.22
2020-05-04,14.745,14.966,14.008,14.893,46070,686120.51,0.0,5970.0,0.0,360000.0,,1.42,0.0,0.36
2020-05-05,15.925,15.925,15.925,15.925,110640,1761942.0,23050.0,102430.0,1490000.0,6640000.0,,1.42,1.49,6.64
2020-05-06,17.031,17.031,17.031,17.031,7870,134033.97,0.0,0.0,0.0,0.0,,1.42,0.0,0.0
2020-05-07,18.21,18.21,17.449,18.21,202320,3684247.2,0.0,37752.0,0.0,27970000.0,,1.42,0.0,27.97
2020-05-08,19.341,19.341,16.957,18.186,20100,365538.6,0.0,14802.0,0.0,11080000.0,,1.42,0.0,11.08
2020-05-11,18.186,18.923,17.694,18.186,20330,369721.38,0.0,114505.0,0.0,85870000.0,,1.42,0.0,85.87
2020-05-12,18.186,19.169,18.186,18.186,7100,129120.6,0.0,5000.0,0.0,3700000.0,,1.42,0.0,3.7
2020-05-13,16.982,18.186,16.982,17.94,12300,220662.00000000003,0.0,0.0,0.0,0.0,,1.42,0.0,0.0
2020-05-14,17.94,17.94,17.915,17.94,3120,55972.8,0.0,710.0,0.0,50000.0,,1.42,0.0,0.05
2020-05-15,17.94,18.186,17.94,18.063,12290,221994.27,0.0,9000.0,0.0,660000.0,,1.42,0.0,0.66
2020-05-18,18.186,18.186,17.94,17.965,11130,199950.45,0.0,0.0,0.0,0.0,,1.42,0.0,0.0
2020-05-19,17.94,18.186,17.94,17.94,7550,135447.0,0.0,2050.0,0.0,150000.0,,1.42,0.0,0.15
2020-05-20,17.94,17.94,17.203,17.203,12670,217962.01,0.0,0.0,0.0,0.0,,1.42,0.0,0.0
2020-05-21,17.252,17.252,17.227,17.252,14310,246876.12,0.0,0.0,0.0,0.0,,1.42,0.0,0.0
2020-05-22,17.227,18.186,17.227,18.186,20210,367539.06,0.0,17900.0,0.0,1320000.0,,1.42,0.0,1.32
2020-05-25,18.186,18.898,16.982,16.982,30190,512686.58,20.0,5300.0,0.0,390000.0,,1.42,0.0,0.39
2020-05-26,16.982,18.161,16.982,17.694,440,7785.36,100.0,70.0,10000.0,0.0,,1.42,0.01,0.0
2020-05-27,18.186,18.677,17.276,17.276,130,2245.88,0.0,0.0,0.0,0.0,,1.42,0.0,0.0
2020-05-28,18.186,18.309,17.326,17.326,17470,302685.22000000003,0.0,0.0,0.0,0.0,,1.42,0.0,0.0
2020-05-29,17.449,17.94,17.449,17.449,4900,85500.1,0.0,2500.0,0.0,180000.0,,1.42,0.0,0.18
2020-06-01,16.269,17.449,16.269,16.293,30,488.79,0.0,0.0,0.0,0.0,,1.42,0.0,0.0
2020-06-02,16.466,17.203,16.466,17.203,7040,121109.12,0.0,7020.0,0.0,490000.0,,1.42,0.0,0.49
2020-06-03,17.276,17.276,15.999,15.999,1800,28798.2,10.0,0.0,0.0,0.0,,1.42,0.0,0.0
2020-06-04,16.466,16.711,14.893,16.711,1800,30079.8,50.0,0.0,0.0,0.0,,1.42,0.0,0.0
2020-06-05,17.203,17.203,16.711,16.711,2560,42780.16,10.0,0.0,0.0,0.0,,1.42,0.0,0.0
2020-06-08,16.711,17.203,15.556,17.203,1410,24256.23,0.0,1400.0,0.0,90000.0,,1.42,0.0,0.09
2020-06-09,17.154,17.154,17.154,17.154,10,171.54,10.0,0.0,0.0,0.0,,1.42,0.0,0.0
2020-06-10,17.104,17.129,15.974,17.129,920,15758.680000000002,0.0,100.0,0.0,10000.0,,1.42,0.0,0.01
2020-06-11,16.097,17.203,16.097,17.203,1950,33545.85,0.0,0.0,0.0,0.0,,1.42,0.0,0.0
2020-06-12,16.711,17.449,16.711,17.203,3110,53501.33,0.0,3010.0,0.0,210000.0,,1.42,0.0,0.21
2020-06-15,16.22,17.203,16.22,16.22,3110,50444.2,0.0,60.0,0.0,0.0,,1.42,0.0,0.0
2020-06-16,16.22,16.22,16.22,16.22,0,0.0,0.0,0.0,0.0,0.0,,1.42,0.0,0.0
2020-06-17,17.203,17.203,16.22,17.203,5610,96508.83,0.0,90.0,0.0,10000.0,,1.42,0.0,0.01
2020-06-18,16.957,16.957,16.957,16.957,50,847.85,0.0,50.0,0.0,0.0,,1.42,0.0,0.0
2020-06-19,17.203,17.694,17.203,17.694,3260,57682.44,0.0,830.0,0.0,60000.0,,1.42,0.0,0.06
2020-06-22,18.186,18.309,18.186,18.309,16750,306675.75,0.0,16550.0,0.0,1230000.0,,1.42,0.0,1.23
2020-06-23,18.309,18.309,18.309,18.309,200,3661.8,0.0,200.0,0.0,10000.0,,1.42,0.0,0.01
2020-06-24,18.309,18.309,18.309,18.309,80,1464.72,0.0,0.0,0.0,0.0,,1.42,0.0,0.0
2020-06-25,18.309,18.309,18.309,18.309,0,0.0,0.0,0.0,0.0,0.0,,1.42,0.0,0.0
2020-06-26,18.309,18.309,18.309,18.309,2090,38265.810000000005,0.0,0.0,0.0,0.0,,1.42,0.0,0.0
2020-06-29,18.682,19.554,17.237,17.436,13160,229457.76,0.0,13000.0,0.0,980000.0,,1.42,0.0,0.98
2020-06-30,17.436,17.436,17.436,17.436,0,0.0,0.0,0.0,0.0,0.0,,1.42,0.0,0.0
2020-07-01,17.436,17.436,17.436,17.436,0,0.0,0.0,0.0,0.0,0.0,,1.42,0.0,0.0
2020-07-02,17.436,17.436,17.436,17.436,0,0.0,0.0,0.0,0.0,0.0,,1.42,0.0,0.0
2020-07-03,16.465,17.436,16.465,17.436,2060,35918.16,0.0,0.0,0.0,0.0,,1.42,0.0,0.0
2020-07-06,17.561,17.561,17.561,17.561,50,878.05,0.0,0.0,0.0,0.0,,1.42,0.0,0.0
2020-07-07,17.686,17.686,17.686,17.686,690,12203.34,10.0,0.0,0.0,0.0,,1.42,0.0,0.0
2020-07-08,17.686,17.686,17.686,17.686,5100,90198.6,10.0,0.0,0.0,0.0,,1.42,0.0,0.0
2020-07-09,18.184,18.184,18.184,18.184,20,363.68,0.0,0.0,0.0,0.0,,1.42,0.0,0.0
2020-07-10,19.429,19.429,19.429,19.429,20,388.58,0.0,0.0,0.0,0.0,,1.42,0.0,0.0
2020-07-13,19.927,19.927,18.184,19.678,40,787.12,20.0,0.0,0.0,0.0,,1.42,0.0,0.0
2020-07-14,19.678,19.678,18.308,18.308,17820,326248.56,0.0,12000.0,0.0,950000.0,,1.42,0.0,0.95
2020-07-15,19.429,19.429,19.429,19.429,10,194.29,0.0,0.0,0.0,0.0,,1.42,0.0,0.0
2020-07-16,19.429,19.429,19.429,19.429,0,0.0,0.0,0.0,0.0,0.0,,1.42,0.0,0.0
2020-07-17,18.209,20.176,18.084,20.176,310,6254.56,0.0,200.0,0.0,10000.0,,1.42,0.0,0.01
2020-07-20,20.176,20.176,20.176,20.176,10,201.76,0.0,0.0,0.0,0.0,,1.42,0.0,0.0
2020-07-21,20.55,21.173,20.55,20.924,40200,841144.7999999999,0.0,1840.0,0.0,150000.0,,1.42,0.0,0.15
2020-07-22,20.924,21.422,20.924,21.422,2130,45628.86,0.0,1770.0,0.0,150000.0,,1.42,0.0,0.15
2020-07-23,21.422,21.422,21.422,21.422,1250,26777.5,0.0,230.0,0.0,20000.0,,1.42,0.0,0.02
2020-07-24,19.952,19.952,19.952,19.952,20,399.04,0.0,4000.0,0.0,3680000.0,,1.42,0.0,3.68
2020-07-27,18.682,20.052,18.682,18.682,2610,48760.02,0.0,4247.0,0.0,3640000.0,,1.42,0.0,3.64
2020-07-28,19.927,19.977,19.927,19.977,2680,53538.36,0.0,500.0,0.0,40000.0,,1.42,0.0,0.04
2020-07-29,19.927,19.927,19.927,19.927,2050,40850.35,0.0,50.0,0.0,0.0,,1.42,0.0,0.0
2020-07-30,19.927,19.952,19.927,19.952,43000,857936.0000000001,0.0,0.0,0.0,0.0,,1.42,0.0,0.0
2020-07-31,19.927,19.927,19.927,19.927,2660,53005.82,0.0,0.0,0.0,0.0,,1.42,0.0,0.0
2020-08-03,19.927,19.927,19.927,19.927,0,0.0,0.0,0.0,0.0,0.0,,1.42,0.0,0.0
2020-08-04,19.927,19.927,19.927,19.927,80,1594.16,0.0,0.0,0.0,0.0,,1.42,0.0,0.0
2020-08-05,19.927,19.927,19.927,19.927,600,11956.2,0.0,0.0,0.0,0.0,,1.42,0.0,0.0
2020-08-06,20.45,21.322,20.45,21.322,1390,29637.58,100.0,160.0,10000.0,10000.0,,1.42,0.01,0.01
2020-08-07,21.796,22.792,21.796,22.792,3380,77036.96,110.0,100.0,10000.0,10000.0,,1.42,0.01,0.01
2020-08-10,21.198,21.198,21.198,21.198,30,635.94,10.0,0.0,0.0,0.0,,1.42,0.0,0.0
2020-08-11,21.248,21.248,21.198,21.198,1700,36036.6,190.0,0.0,20000.0,0.0,,1.42,0.02,0.0
2020-08-12,20.326,20.426,19.952,19.952,1330,26536.160000000003,90.0,100.0,10000.0,10000.0,,1.42,0.01,0.01
2020-08-13,21.347,21.347,21.322,21.322,590,12579.98,0.0,0.0,0.0,0.0,,1.42,0.0,0.0
2020-08-14,22.618,22.618,21.347,21.347,550,11740.85,60.0,0.0,10000.0,0.0,,1.42,0.01,0.0
2020-08-17,21.347,21.347,20.426,20.675,160,3308.0,0.0,0.0,0.0,0.0,,1.42,0.0,0.0
2020-08-18,20.426,21.92,20.426,21.895,490,10728.55,400.0,0.0,40000.0,0.0,,1.42,0.04,0.0
2020-08-19,23.415,23.415,23.415,23.415,1220,28566.3,250.0,0.0,20000.0,0.0,,1.42,0.02,0.0
2020-08-20,23.581,24.245,22.916,22.916,800,18332.8,0.0,150.0,0.0,10000.0,,1.42,0.0,0.01
2020-08-21,22.916,24.444,22.916,23.315,1040,24247.6,0.0,960.0,0.0,70000.0,,1.42,0.0,0.07
2020-08-24,23.315,23.913,22.119,22.119,1200,26542.8,0.0,0.0,0.0,0.0,,1.42,0.0,0.0
2020-08-25,22.186,22.186,22.186,22.186,20,443.72,0.0,0.0,0.0,0.0,,1.42,0.0,0.0
2020-08-26,23.249,23.249,22.252,22.252,360,8010.719999999999,0.0,0.0,0.0,0.0,,1.42,0.0,0.0
2020-08-27,22.385,22.385,22.385,22.385,960,21489.6,0.0,960.0,0.0,60000.0,,1.42,0.0,0.06
2020-08-28,22.252,23.714,22.252,23.714,650,15414.1,0.0,300.0,0.0,20000.0,,1.42,0.0,0.02
2020-08-31,24.477,24.511,22.285,22.285,470,10473.95,11.0,7329.0,10000.0,5500000.0,,1.42,0.01,5.5
2020-09-01,22.285,22.285,22.285,22.285,0,0.0,0.0,0.0,0.0,0.0,,1.42,0.0,0.0
2020-09-03,22.584,22.584,22.584,22.584,230,5194.32,0.0,0.0,0.0,0.0,,1.42,0.0,0.0
2020-09-04,22.584,22.584,22.584,22.584,60,1355.04,0.0,0.0,0.0,0.0,,1.42,0.0,0.0
2020-09-07,23.88,23.88,22.618,22.618,1590,35962.619999999995,110.0,0.0,10000.0,0.0,,1.42,0.01,0.0
2020-09-08,22.584,22.584,21.721,22.584,190,4290.96,0.0,0.0,0.0,0.0,,1.42,0.0,0.0
2020-09-09,22.584,23.913,21.654,23.846,490,11684.54,240.0,0.0,20000.0,0.0,,1.42,0.02,0.0
2020-09-10,22.584,22.75,22.584,22.75,40,910.0,0.0,0.0,0.0,0.0,,1.42,0.0,0.0
2020-09-11,22.75,23.514,22.75,23.514,20,470.28,0.0,0.0,0.0,0.0,,1.42,0.0,0.0
2020-09-14,23.481,23.481,22.618,22.618,380,8594.84,10.0,0.0,0.0,0.0,,1.42,0.0,0.0
2020-09-15,22.584,22.75,22.584,22.75,270,6142.5,0.0,0.0,0.0,0.0,,1.42,0.0,0.0
2020-09-16,22.75,22.75,22.75,22.75,0,0.0,0.0,0.0,0.0,0.0,,1.42,0.0,0.0
2020-09-17,22.916,22.916,22.584,22.584,40,903.36,0.0,0.0,0.0,0.0,,1.42,0.0,0.0
2020-09-18,22.75,22.75,22.584,22.584,30,677.52,0.0,0.0,0.0,0.0,,1.42,0.0,0.0
2020-09-21,22.916,22.916,22.916,22.916,20,458.32,0.0,0.0,0.0,0.0,,1.42,0.0,0.0
2020-09-22,22.584,22.584,22.584,22.584,340,7678.559999999999,0.0,0.0,0.0,0.0,,1.42,0.0,0.0
2020-09-23,22.584,22.584,22.584,22.584,0,0.0,0.0,0.0,0.0,0.0,,1.42,0.0,0.0
2020-09-24,23.813,23.813,21.953,21.953,50,1097.65,0.0,0.0,0.0,0.0,,1.42,0.0,0.0
2020-09-25,21.953,21.953,21.953,21.953,0,0.0,0.0,0.0,0.0,0.0,,1.42,0.0,0.0
2020-09-28,22.916,22.916,22.451,22.451,80,1796.08,0.0,10.0,0.0,0.0,,1.42,0.0,0.0
2020-09-29,23.88,23.88,23.88,23.88,10,238.8,0.0,0.0,0.0,0.0,,1.42,0.0,0.0
2020-09-30,23.88,23.88,23.88,23.88,0,0.0,0.0,0.0,0.0,0.0,,1.42,0.0,0.0
2020-10-01,23.88,23.88,23.88,23.88,0,0.0,0.0,0.0,0.0,0.0,,1.42,0.0,0.0
2020-10-02,22.584,22.584,22.252,22.252,780,17356.559999999998,0.0,0.0,0.0,0.0,,1.42,0.0,0.0
2020-10-05,22.916,22.916,22.551,22.551,1050,23678.55,0.0,1000.0,0.0,70000.0,,1.42,0.0,0.07
2020-10-06,23.88,23.88,23.88,23.88,10,238.8,0.0,0.0,0.0,0.0,,1.42,0.0,0.0
2020-10-07,23.88,23.88,22.252,23.581,100,2358.1,20.0,0.0,0.0,0.0,,1.42,0.0,0.0
2020-10-08,23.581,23.581,23.581,23.581,0,0.0,0.0,0.0,0.0,0.0,,1.42,0.0,0.0
2020-10-09,23.581,23.581,23.581,23.581,0,0.0,0.0,0.0,0.0,0.0,,1.42,0.0,0.0
2020-10-12,23.581,23.581,23.581,23.581,0,0.0,0.0,0.0,0.0,0.0,,1.42,0.0,0.0
2020-10-13,23.581,23.88,23.547,23.88,5200,124176.0,0.0,0.0,0.0,0.0,,1.42,0.0,0.0
2020-10-14,23.88,23.88,23.88,23.88,0,0.0,0.0,0.0,0.0,0.0,,1.42,0.0,0.0
2020-10-15,23.88,23.88,23.88,23.88,0,0.0,0.0,0.0,0.0,0.0,,1.42,0.0,0.0
2020-10-16,22.285,22.285,22.285,22.285,10,222.85,0.0,0.0,0.0,0.0,,1.42,0.0,0.0
2020-10-19,23.547,23.581,23.547,23.581,1170,27589.77,0.0,0.0,0.0,0.0,,1.42,0.0,0.0
2020-10-20,23.581,23.581,23.581,23.581,0,0.0,0.0,0.0,0.0,0.0,,1.42,0.0,0.0
2020-10-21,22.584,22.584,22.584,22.584,100,2258.4,0.0,0.0,0.0,0.0,,1.42,0.0,0.0
2020-10-22,23.581,23.581,22.584,23.581,11800,278255.8,0.0,11520.0,0.0,820000.0,,1.42,0.0,0.82
2020-10-23,23.581,23.581,23.581,23.581,0,0.0,0.0,0.0,0.0,0.0,,1.42,0.0,0.0
2020-10-26,23.581,23.581,23.581,23.581,51000,1202631.0,0.0,0.0,0.0,0.0,,1.42,0.0,0.0
2020-10-27,23.581,23.581,23.581,23.581,1200,28297.2,0.0,10.0,0.0,0.0,,1.42,0.0,0.0
2020-10-28,24.876,24.909,22.319,24.909,33060,823491.5399999999,0.0,24460.0,0.0,1830000.0,,1.42,0.0,1.83
2020-10-29,25.241,25.241,24.909,24.909,400,9963.6,100.0,0.0,10000.0,0.0,,1.42,0.01,0.0
2020-10-30,23.282,24.909,23.249,24.909,310,7721.79,0.0,0.0,0.0,0.0,,1.42,0.0,0.0
2020-11-02,24.909,24.909,24.909,24.909,58000,1444722.0,0.0,0.0,0.0,0.0,,1.42,0.0,0.0
2020-11-03,24.909,24.909,24.909,24.909,0,0.0,0.0,0.0,0.0,0.0,,1.42,0.0,0.0
2020-11-04,23.348,24.909,23.315,23.78,6490,154332.2,0.0,2340.0,0.0,170000.0,,1.42,0.0,0.17
2020-11-05,23.747,24.909,23.581,23.581,4960,116961.76,100.0,1600.0,10000.0,120000.0,,1.42,0.01,0.12
2020-11-06,23.614,23.614,23.581,23.581,2960,69799.76,0.0,130.0,0.0,10000.0,,1.42,0.0,0.01
2020-11-09,23.581,24.843,23.581,24.843,260,6459.18,0.0,0.0,0.0,0.0,,1.42,0.0,0.0
2020-11-10,24.843,24.843,24.843,24.843,0,0.0,0.0,0.0,0.0,0.0,,1.42,0.0,0.0
2020-11-11,24.843,24.843,24.843,24.843,420,10434.06,0.0,0.0,0.0,0.0,,1.42,0.0,0.0
2020-11-12,24.843,24.909,24.843,24.909,12130,302146.17,0.0,0.0,0.0,0.0,,1.42,0.0,0.0
2020-11-13,24.942,25.573,23.348,23.348,1810,42259.88,0.0,0.0,0.0,0.0,,1.42,0.0,0.0
2020-11-16,23.78,23.78,23.78,23.78,290,6896.200000000001,0.0,0.0,0.0,0.0,,1.42,0.0,0.0
2020-11-17,23.78,23.78,23.78,23.78,0,0.0,0.0,0.0,0.0,0.0,,1.42,0.0,0.0
2020-11-18,24.245,24.245,24.245,24.245,220,5333.900000000001,220.0,0.0,20000.0,0.0,,1.42,0.02,0.0
2020-11-19,24.278,24.278,24.245,24.245,470,11395.15,0.0,0.0,0.0,0.0,,1.42,0.0,0.0
2020-11-20,24.245,24.245,24.245,24.245,0,0.0,0.0,0.0,0.0,0.0,,1.42,0.0,0.0
2020-11-23,24.245,24.245,24.245,24.245,0,0.0,0.0,0.0,0.0,0.0,,1.42,0.0,0.0
2020-11-24,24.245,24.245,24.245,24.245,0,0.0,0.0,0.0,0.0,0.0,,1.42,0.0,0.0
2020-11-25,23.747,23.747,23.747,23.747,100,2374.7,0.0,100.0,0.0,10000.0,,1.42,0.0,0.01
2020-11-26,23.747,23.747,23.747,23.747,0,0.0,0.0,0.0,0.0,0.0,,1.42,0.0,0.0
2020-11-27,23.714,23.714,23.714,23.714,300,7114.2,0.0,0.0,0.0,0.0,,1.42,0.0,0.0
2020-11-30,23.282,23.714,23.282,23.714,410,9722.74,180.0,0.0,10000.0,0.0,,1.42,0.01,0.0
2020-12-01,23.249,23.249,23.249,23.249,1410,32781.09,0.0,310.0,0.0,20000.0,,1.42,0.0,0.02
2020-12-02,23.282,24.278,23.249,23.315,8090,188618.35,0.0,6300.0,0.0,460000.0,,1.42,0.0,0.46
2020-12-03,23.315,23.315,23.315,23.315,0,0.0,0.0,0.0,0.0,0.0,,1.42,0.0,0.0
2020-12-04,22.983,23.315,22.95,23.249,5360,124614.64,0.0,3400.0,0.0,240000.0,,1.42,0.0,0.24
2020-12-07,23.249,23.249,23.249,23.249,0,0.0,0.0,0.0,0.0,0.0,,1.42,0.0,0.0
2020-12-08,22.983,24.046,22.983,24.046,40,961.84,0.0,0.0,0.0,0.0,,1.42,0.0,0.0
2020-12-09,24.046,24.046,24.046,24.046,10,240.46,0.0,0.0,0.0,0.0,,1.42,0.0,0.0
2020-12-10,24.212,24.278,24.212,24.278,5800,140812.4,0.0,0.0,0.0,0.0,,1.42,0.0,0.0
2020-12-11,23.282,23.282,23.282,23.282,50,1164.1,0.0,0.0,0.0,0.0,,1.42,0.0,0.0
2020-12-14,23.415,23.415,23.415,23.415,120,2809.8,0.0,0.0,0.0,0.0,,1.42,0.0,0.0
2020-12-15,22.02,23.415,22.02,23.415,40,936.6,0.0,0.0,0.0,0.0,,1.42,0.0,0.0
2020-12-16,22.95,23.747,22.95,23.747,30,712.41,0.0,0.0,0.0,0.0,,1.42,0.0,0.0
2020-12-17,23.415,23.415,23.415,23.415,650,15219.75,0.0,0.0,0.0,0.0,,1.42,0.0,0.0
2020-12-18,22.95,23.747,22.95,23.747,70,1662.29,0.0,0.0,0.0,0.0,,1.42,0.0,0.0
2020-12-21,23.747,23.747,23.747,23.747,0,0.0,0.0,0.0,0.0,0.0,,1.42,0.0,0.0
2020-12-22,24.178,24.178,24.178,24.178,10,241.78,0.0,0.0,0.0,0.0,,1.42,0.0,0.0
2020-12-23,24.178,24.178,24.178,24.178,0,0.0,0.0,0.0,0.0,0.0,,1.42,0.0,0.0
2020-12-24,23.249,23.249,22.983,23.082,90,2077.38,0.0,0.0,0.0,0.0,,1.42,0.0,0.0
2020-12-25,22.983,23.016,22.983,23.016,210,4833.36,0.0,0.0,0.0,0.0,,1.42,0.0,0.0
2020-12-28,23.016,23.016,22.916,22.916,140,3208.24,110.0,0.0,10000.0,0.0,,1.42,0.01,0.0
2020-12-29,22.916,23.082,22.916,23.082,90,2077.38,60.0,0.0,0.0,0.0,,1.42,0.0,0.0
2020-12-30,22.916,22.916,22.916,22.916,20,458.32,20.0,0.0,0.0,0.0,,1.42,0.0,0.0
2020-12-31,23.249,23.249,22.916,22.916,7360,168661.76,1100.0,180.0,80000.0,10000.0,,1.42,0.08,0.01
2021-01-04,22.916,22.916,22.916,22.916,0,0.0,0.0,0.0,0.0,0.0,,1.42,0.0,0.0
2021-01-05,22.916,23.581,22.916,23.581,5200,122621.2,3300.0,3700.0,230000.0,260000.0,,1.42,0.23,0.26
2021-01-06,23.913,23.913,23.913,23.913,5600,133912.8,0.0,0.0,0.0,0.0,,1.42,0.0,0.0
2021-01-07,23.913,23.913,23.913,23.913,0,0.0,0.0,0.0,0.0,0.0,,1.42,0.0,0.0
2021-01-08,23.913,23.913,23.913,23.913,400,9565.2,400.0,0.0,30000.0,0.0,,1.42,0.03,0.0
2021-01-11,23.913,23.913,23.913,23.913,0,0.0,0.0,0.0,0.0,0.0,,1.42,0.0,0.0
2021-01-12,23.913,23.913,23.913,23.913,0,0.0,0.0,0.0,0.0,0.0,,1.42,0.0,0.0
2021-01-13,22.95,23.581,22.95,23.581,1600,37729.6,0.0,0.0,0.0,0.0,,1.42,0.0,0.0
2021-01-14,23.581,23.581,23.581,23.581,0,0.0,0.0,0.0,0.0,0.0,,1.42,0.0,0.0
2021-01-15,23.581,23.581,23.581,23.581,500,11790.5,500.0,0.0,40000.0,0.0,,1.42,0.04,0.0
2021-01-18,24.079,24.079,24.046,24.046,800,19236.8,0.0,100.0,0.0,10000.0,,1.42,0.0,0.01
2021-01-19,23.082,23.082,22.916,22.916,200,4583.2,100.0,0.0,10000.0,0.0,,1.42,0.01,0.0
2021-01-20,22.95,22.95,22.916,22.916,54400,1246630.4,4300.0,54400.0,300000.0,3750000.0,,1.42,0.3,3.75
2021-01-21,22.916,23.249,22.916,23.249,15400,358034.6,800.0,14000.0,60000.0,970000.0,,1.42,0.06,0.97
2021-01-22,23.249,23.249,23.249,23.249,0,0.0,0.0,0.0,0.0,0.0,,1.42,0.0,0.0
2021-01-25,23.249,23.249,23.249,23.249,0,0.0,0.0,0.0,0.0,0.0,,1.42,0.0,0.0
2021-01-26,23.249,23.249,23.249,23.249,100,2324.9,0.0,0.0,0.0,0.0,,1.42,0.0,0.0
2021-01-27,23.249,23.249,23.249,23.249,0,0.0,0.0,0.0,0.0,0.0,,1.42,0.0,0.0
2021-01-28,24.843,24.843,24.843,24.843,100,2484.3,0.0,0.0,0.0,0.0,,1.42,0.0,0.0
2021-01-29,24.843,24.843,24.843,24.843,0,0.0,0.0,0.0,0.0,0.0,,1.42,0.0,0.0
2021-02-01,24.577,24.577,23.249,24.577,6800,167123.6,0.0,6700.0,0.0,500000.0,,1.42,0.0,0.5
2021-02-02,24.577,24.577,24.577,24.577,0,0.0,0.0,0.0,0.0,0.0,,1.42,0.0,0.0
2021-02-03,24.577,24.577,24.577,24.577,0,0.0,0.0,0.0,0.0,0.0,,1.42,0.0,0.0
2021-02-04,24.577,24.577,24.577,24.577,0,0.0,0.0,0.0,0.0,0.0,,1.42,0.0,0.0
2021-02-05,24.577,24.577,24.577,24.577,0,0.0,0.0,0.0,0.0,0.0,,1.42,0.0,0.0
2021-02-08,24.577,24.577,24.577,24.577,0,0.0,0.0,0.0,0.0,0.0,,1.42,0.0,0.0
2021-02-09,24.577,24.577,24.577,24.577,0,0.0,0.0,0.0,0.0,0.0,,1.42,0.0,0.0
2021-02-17,24.577,24.577,24.577,24.577,0,0.0,0.0,0.0,0.0,0.0,,1.42,0.0,0.0
2021-02-18,24.577,24.577,24.577,24.577,0,0.0,0.0,0.0,0.0,0.0,,1.42,0.0,0.0
2021-02-19,24.577,24.577,24.577,24.577,0,0.0,0.0,0.0,0.0,0.0,,1.42,0.0,0.0
2021-02-22,24.577,24.577,24.577,24.577,0,0.0,0.0,0.0,0.0,0.0,,1.42,0.0,0.0
2021-02-23,22.916,24.577,22.883,24.577,1400,34407.8,0.0,100.0,0.0,10000.0,,1.42,0.0,0.01
2021-02-24,24.577,24.577,24.577,24.577,0,0.0,0.0,0.0,0.0,0.0,,1.42,0.0,0.0
2021-02-25,24.577,24.577,24.577,24.577,0,0.0,0.0,0.0,0.0,0.0,,1.42,0.0,0.0
2021-02-26,24.577,24.577,24.577,24.577,0,0.0,0.0,0.0,0.0,0.0,,1.42,0.0,0.0
2021-03-01,24.577,24.577,22.883,23.249,700,16274.3,0.0,500.0,0.0,30000.0,,1.42,0.0,0.03
2021-03-02,23.249,23.249,23.249,23.249,100,2324.9,0.0,0.0,0.0,0.0,,1.42,0.0,0.0
2021-03-03,23.249,23.249,23.249,23.249,0,0.0,0.0,0.0,0.0,0.0,,1.42,0.0,0.0
2021-03-04,23.249,23.249,23.249,23.249,1800,41848.2,1800.0,0.0,130000.0,0.0,,1.42,0.13,0.0
2021-03-05,23.249,23.249,23.249,23.249,0,0.0,0.0,0.0,0.0,0.0,,1.42,0.0,0.0
2021-03-08,23.249,23.249,23.249,23.249,0,0.0,0.0,0.0,0.0,0.0,,1.42,0.0,0.0
2021-03-09,23.249,23.249,23.249,23.249,0,0.0,0.0,0.0,0.0,0.0,,1.42,0.0,0.0
2021-03-10,23.249,23.249,23.249,23.249,0,0.0,0.0,0.0,0.0,0.0,,1.42,0.0,0.0
2021-03-11,23.249,23.249,23.249,23.249,0,0.0,0.0,0.0,0.0,0.0,,1.42,0.0,0.0
2021-03-12,23.581,23.581,23.581,23.581,100,2358.1,0.0,0.0,0.0,0.0,,1.42,0.0,0.0
2021-03-15,23.647,23.647,23.647,23.647,100,2364.7,0.0,0.0,0.0,0.0,,1.42,0.0,0.0
2021-03-16,23.647,23.647,23.647,23.647,0,0.0,0.0,0.0,0.0,0.0,,1.42,0.0,0.0
2021-03-17,23.647,23.647,23.647,23.647,0,0.0,0.0,0.0,0.0,0.0,,1.42,0.0,0.0
2021-03-18,23.647,23.647,23.647,23.647,0,0.0,0.0,0.0,0.0,0.0,,1.42,0.0,0.0
2021-03-19,23.647,23.647,23.647,23.647,0,0.0,0.0,0.0,0.0,0.0,,1.42,0.0,0.0
2021-03-22,23.647,23.647,23.647,23.647,0,0.0,0.0,0.0,0.0,0.0,,1.42,0.0,0.0
2021-03-23,23.647,23.647,23.647,23.647,0,0.0,0.0,0.0,0.0,0.0,,1.42,0.0,0.0
2021-03-24,23.514,23.514,23.514,23.514,9000,211626.0,0.0,0.0,0.0,0.0,,1.42,0.0,0.0
2021-03-25,23.514,23.514,23.514,23.514,0,0.0,0.0,0.0,0.0,0.0,,1.42,0.0,0.0
2021-03-26,22.186,23.249,22.153,23.249,500,11624.5,0.0,0.0,0.0,0.0,,1.42,0.0,0.0
2021-03-29,23.249,23.249,23.249,23.249,0,0.0,0.0,0.0,0.0,0.0,,1.42,0.0,0.0
2021-03-30,23.249,23.249,23.249,23.249,0,0.0,0.0,0.0,0.0,0.0,,1.42,0.0,0.0
2021-03-31,23.249,23.249,23.249,23.249,0,0.0,0.0,0.0,0.0,0.0,,1.42,0.0,0.0
2021-04-01,22.252,24.71,21.754,24.71,2700,66717.0,0.0,1600.0,0.0,110000.0,,1.42,0.0,0.11
2021-04-02,23.016,23.016,23.016,23.016,300,6904.799999999999,0.0,0.0,0.0,0.0,,1.42,0.0,0.0
2021-04-05,21.588,24.245,21.588,24.245,300,7273.5,0.0,0.0,0.0,0.0,,1.42,0.0,0.0
2021-04-06,23.249,23.249,22.584,23.116,3400,78594.4,0.0,0.0,0.0,0.0,,1.42,0.0,0.0
2021-04-07,23.647,23.647,23.249,23.249,1000,23249.0,0.0,0.0,0.0,0.0,,1.42,0.0,0.0
2021-04-08,23.149,23.249,23.149,23.249,800,18599.2,0.0,100.0,0.0,10000.0,,1.42,0.0,0.01
2021-04-09,23.249,23.249,23.249,23.249,0,0.0,0.0,0.0,0.0,0.0,,1.42,0.0,0.0
2021-04-12,22.02,23.249,22.02,23.249,10100,234814.9,0.0,8200.0,0.0,540000.0,,1.42,0.0,0.54
2021-04-13,23.249,24.544,23.249,23.913,1000,23913.0,0.0,0.0,0.0,0.0,,1.42,0.0,0.0
2021-04-14,23.913,24.909,23.913,24.909,5500,136999.5,0.0,300.0,0.0,20000.0,,1.42,0.0,0.02
2021-04-15,23.249,24.909,23.182,24.909,2100,52308.9,0.0,0.0,0.0,0.0,,1.42,0.0,0.0
2021-04-16,24.909,24.909,23.614,24.909,500,12454.5,0.0,0.0,0.0,0.0,,1.42,0.0,0.0
2021-04-19,24.909,24.909,24.909,24.909,0,0.0,0.0,0.0,0.0,0.0,,1.42,0.0,0.0
2021-04-20,23.913,24.909,23.913,24.909,13900,346235.1,0.0,0.0,0.0,0.0,,1.42,0.0,0.0
2021-04-22,24.909,24.909,24.909,24.909,0,0.0,0.0,0.0,0.0,0.0,,1.42,0.0,0.0
2021-04-23,24.909,24.909,24.909,24.909,0,0.0,0.0,0.0,0.0,0.0,,1.42,0.0,0.0
2021-04-26,24.909,24.909,24.909,24.909,0,0.0,0.0,0.0,0.0,0.0,,1.42,0.0,0.0
2021-04-27,23.182,26.57,23.182,26.57,1900,50483.0,0.0,700.0,0.0,50000.0,,1.42,0.0,0.05
2021-04-28,28.43,28.43,28.43,28.43,100,2843.0,100.0,0.0,10000.0,0.0,,1.42,0.01,0.0
2021-04-29,28.43,28.43,28.43,28.43,0,0.0,0.0,0.0,0.0,0.0,,1.42,0.0,0.0
2021-05-04,28.43,28.43,28.43,28.43,0,0.0,0.0,0.0,0.0,0.0,,1.42,0.0,0.0
2021-05-05,28.43,28.43,28.43,28.43,0,0.0,0.0,0.0,0.0,0.0,,1.42,0.0,0.0
2021-05-06,26.47,26.47,26.47,26.47,300,7941.0,0.0,0.0,0.0,0.0,,1.42,0.0,0.0
2021-05-07,27.234,27.234,27.234,27.234,300,8170.200000000001,0.0,0.0,0.0,0.0,,1.42,0.0,0.0
2021-05-10,29.127,29.127,25.573,25.573,300,7671.900000000001,100.0,0.0,10000.0,0.0,,1.42,0.01,0.0
2021-05-11,27.334,27.334,27.334,27.334,100,2733.4,100.0,0.0,10000.0,0.0,,1.42,0.01,0.0
2021-05-12,25.739,25.739,25.739,25.739,100,2573.9,0.0,0.0,0.0,0.0,,1.42,0.0,0.0
2021-05-13,23.979,26.57,23.979,26.57,300,7971.0,0.0,200.0,0.0,10000.0,,1.42,0.0,0.01
2021-05-14,24.942,24.942,24.942,24.942,100,2494.2,0.0,100.0,0.0,10000.0,,1.42,0.0,0.01
2021-05-17,24.942,24.942,23.415,24.942,1800,44895.6,0.0,800.0,0.0,60000.0,,1.42,0.0,0.06
2021-05-18,26.57,26.57,26.57,26.57,200,5314.0,0.0,0.0,0.0,0.0,,1.42,0.0,0.0
2021-05-19,26.57,26.57,26.57,26.57,0,0.0,0.0,0.0,0.0,0.0,,1.42,0.0,0.0
2021-05-20,26.57,26.57,26.57,26.57,0,0.0,0.0,0.0,0.0,0.0,,1.42,0.0,0.0
2021-05-21,26.503,26.503,26.503,26.503,300,7950.9,0.0,0.0,0.0,0.0,,1.42,0.0,0.0
2021-05-24,26.503,26.503,26.503,26.503,0,0.0,0.0,0.0,0.0,0.0,,1.42,0.0,0.0
2021-05-25,24.677,26.371,24.677,26.371,800,21096.8,0.0,0.0,0.0,0.0,,1.42,0.0,0.0
2021-05-26,26.371,26.371,26.371,26.371,0,0.0,0.0,0.0,0.0,0.0,,1.42,0.0,0.0
2021-05-27,26.371,26.371,26.371,26.371,0,0.0,0.0,0.0,0.0,0.0,,1.42,0.0,0.0
2021-05-28,26.371,26.371,26.371,26.371,0,0.0,0.0,0.0,0.0,0.0,,1.42,0.0,0.0
2021-05-31,26.371,26.371,26.371,26.371,0,0.0,0.0,0.0,0.0,0.0,,1.42,0.0,0.0
2021-06-01,24.577,24.577,24.577,24.577,100,2457.7000000000003,0.0,0.0,0.0,0.0,,1.42,0.0,0.0
2021-06-02,24.577,24.577,24.577,24.577,0,0.0,0.0,0.0,0.0,0.0,,1.42,0.0,0.0
2021-06-03,24.577,24.577,24.577,24.577,0,0.0,0.0,0.0,0.0,0.0,,1.42,0.0,0.0
2021-06-04,24.577,24.577,24.577,24.577,600,14746.2,0.0,0.0,0.0,0.0,,1.42,0.0,0.0
2021-06-07,24.577,24.577,24.577,24.577,0,0.0,0.0,0.0,0.0,0.0,,1.42,0.0,0.0
2021-06-08,24.577,24.577,24.577,24.577,0,0.0,0.0,0.0,0.0,0.0,,1.42,0.0,0.0
2021-06-09,24.577,24.577,24.577,24.577,0,0.0,0.0,0.0,0.0,0.0,,1.42,0.0,0.0
2021-06-10,24.577,24.577,24.577,24.577,0,0.0,0.0,0.0,0.0,0.0,,1.42,0.0,0.0
2021-06-11,24.577,24.577,24.577,24.577,0,0.0,0.0,0.0,0.0,0.0,,1.42,0.0,0.0
2021-06-14,23.581,23.581,23.448,23.448,1000,23448.0,0.0,0.0,0.0,0.0,,1.42,0.0,0.0
2021-06-15,23.448,23.448,23.448,23.448,0,0.0,0.0,0.0,0.0,0.0,,1.42,0.0,0.0
2021-06-16,23.448,23.448,23.448,23.448,0,0.0,0.0,0.0,0.0,0.0,,1.42,0.0,0.0
2021-06-17,23.448,23.448,23.448,23.448,0,0.0,0.0,0.0,0.0,0.0,,1.42,0.0,0.0
2021-06-18,24.245,24.245,24.245,24.245,2600,63037.0,0.0,0.0,0.0,0.0,,1.42,0.0,0.0
2021-06-21,24.245,24.245,24.245,24.245,0,0.0,0.0,0.0,0.0,0.0,,1.42,0.0,0.0
2021-06-22,22.784,23.082,22.784,22.784,900,20505.6,0.0,0.0,0.0,0.0,,1.42,0.0,0.0
2021-06-23,22.784,22.784,22.784,22.784,0,0.0,0.0,0.0,0.0,0.0,,1.42,0.0,0.0
2021-06-24,22.784,22.784,22.784,22.784,0,0.0,0.0,0.0,0.0,0.0,,1.42,0.0,0.0
2021-06-25,22.784,22.784,22.784,22.784,2600,59238.4,0.0,0.0,0.0,0.0,,1.42,0.0,0.0
2021-06-28,22.784,22.784,22.784,22.784,0,0.0,0.0,0.0,0.0,0.0,,1.42,0.0,0.0
2021-06-29,21.588,22.717,21.588,22.717,4400,99954.8,100.0,100.0,10000.0,10000.0,,1.42,0.01,0.01
2021-06-30,21.555,22.916,21.256,22.916,3000,68748.0,0.0,0.0,0.0,0.0,,1.42,0.0,0.0
2021-07-01,21.654,21.654,21.355,21.355,1800,38439.0,0.0,0.0,0.0,0.0,,1.42,0.0,0.0
2021-07-02,21.422,22.85,21.422,22.85,10100,230785.0,0.0,0.0,0.0,0.0,,1.42,0.0,0.0
2021-07-05,22.817,24.444,21.588,24.444,8600,210218.4,0.0,0.0,0.0,0.0,,1.42,0.0,0.0
2021-07-06,25.706,25.706,22.784,25.208,1500,37812.0,0.0,0.0,0.0,0.0,,1.42,0.0,0.0
2021-07-07,25.208,25.208,25.208,25.208,0,0.0,0.0,0.0,0.0,0.0,,1.42,0.0,0.0
2021-07-08,25.208,25.208,25.208,25.208,0,0.0,0.0,0.0,0.0,0.0,,1.42,0.0,0.0
2021-07-09,25.208,25.208,25.208,25.208,0,0.0,0.0,0.0,0.0,0.0,,1.42,0.0,0.0
2021-07-12,25.208,25.208,25.208,25.208,0,0.0,0.0,0.0,0.0,0.0,,1.42,0.0,0.0
2021-07-13,23.448,24.909,23.448,24.909,7900,196781.1,0.0,0.0,0.0,0.0,,1.42,0.0,0.0
2021-07-14,26.57,26.57,26.57,26.57,1500,39855.0,0.0,0.0,0.0,0.0,,1.42,0.0,0.0
2021-07-15,26.57,26.57,26.57,26.57,0,0.0,0.0,0.0,0.0,0.0,,1.42,0.0,0.0
2021-07-16,24.71,26.238,24.71,26.238,6700,175794.6,0.0,0.0,0.0,0.0,,1.42,0.0,0.0
2021-07-19,26.575,26.575,26.575,26.575,0,0.0,0.0,0.0,0.0,0.0,,1.42,0.0,0.0
2021-07-20,26.575,26.575,26.575,26.575,0,0.0,0.0,0.0,0.0,0.0,,1.42,0.0,0.0
2021-07-21,24.422,26.575,24.422,26.575,4200,111615.0,0.0,0.0,0.0,0.0,,1.42,0.0,0.0
2021-07-22,24.725,24.725,24.725,24.725,100,2472.5,0.0,0.0,0.0,0.0,,1.42,0.0,0.0
2021-07-23,23.11,25.23,23.043,25.23,7200,181656.0,0.0,6900.0,0.0,470000.0,,1.42,0.0,0.47
2021-07-26,25.23,25.23,25.23,25.23,0,0.0,0.0,0.0,0.0,0.0,,1.42,0.0,0.0
2021-07-27,23.48,25.23,23.48,25.23,200,5046.0,0.0,0.0,0.0,0.0,,1.42,0.0,0.0
2021-07-28,24.187,24.187,24.187,24.187,200,4837.400000000001,0.0,0.0,0.0,0.0,,1.42,0.0,0.0
2021-07-29,22.606,24.187,22.606,24.187,1100,26605.7,0.0,0.0,0.0,0.0,,1.42,0.0,0.0
2021-07-30,24.187,24.187,24.187,24.187,0,0.0,0.0,0.0,0.0,0.0,,1.42,0.0,0.0
2021-08-02,22.538,23.817,22.538,23.817,4000,95268.0,0.0,0.0,0.0,0.0,,1.42,0.0,0.0
2021-08-03,22.404,24.22,22.37,22.505,2100,47260.5,500.0,300.0,40000.0,20000.0,,1.42,0.04,0.02
2021-08-04,21.361,23.884,21.361,23.884,800,19107.2,0.0,0.0,0.0,0.0,,1.42,0.0,0.0
2021-08-05,25.196,25.196,25.196,25.196,1000,25196.0,0.0,0.0,0.0,0.0,,1.42,0.0,0.0
2021-08-06,24.927,24.927,23.447,24.119,3200,77180.8,0.0,0.0,0.0,0.0,,1.42,0.0,0.0
2021-08-09,24.119,24.119,24.119,24.119,0,0.0,0.0,0.0,0.0,0.0,,1.42,0.0,0.0
2021-08-10,22.438,24.086,22.438,24.086,1700,40946.2,0.0,0.0,0.0,0.0,,1.42,0.0,0.0
2021-08-11,23.884,23.884,23.884,23.884,300,7165.2,0.0,100.0,0.0,10000.0,,1.42,0.0,0.01
2021-08-12,23.884,23.884,23.884,23.884,0,0.0,0.0,0.0,0.0,0.0,,1.42,0.0,0.0
2021-08-13,23.884,23.884,23.884,23.884,0,0.0,0.0,0.0,0.0,0.0,,1.42,0.0,0.0
2021-08-16,23.884,23.884,23.884,23.884,0,0.0,0.0,0.0,0.0,0.0,,1.42,0.0,0.0
2021-08-17,23.884,23.884,23.884,23.884,0,0.0,0.0,0.0,0.0,0.0,,1.42,0.0,0.0
2021-08-18,23.884,23.884,23.884,23.884,0,0.0,0.0,0.0,0.0,0.0,,1.42,0.0,0.0
2021-08-19,22.269,22.875,22.269,22.875,200,4575.0,0.0,0.0,0.0,0.0,,1.42,0.0,0.0
2021-08-20,22.875,22.875,22.875,22.875,0,0.0,0.0,0.0,0.0,0.0,,1.42,0.0,0.0
2021-08-23,23.85,23.85,23.85,23.85,200,4770.0,0.0,0.0,0.0,0.0,,1.42,0.0,0.0
2021-08-24,23.85,23.85,23.85,23.85,0,0.0,0.0,0.0,0.0,0.0,,1.42,0.0,0.0
2021-08-25,23.85,23.85,23.85,23.85,0,0.0,0.0,0.0,0.0,0.0,,1.42,0.0,0.0
2021-08-26,22.269,23.716,22.236,23.716,700,16601.2,0.0,0.0,0.0,0.0,,1.42,0.0,0.0
2021-08-27,23.716,23.716,23.716,23.716,0,0.0,0.0,0.0,0.0,0.0,,1.42,0.0,0.0
2021-08-30,23.716,23.716,23.716,23.716,0,0.0,0.0,0.0,0.0,0.0,,1.42,0.0,0.0
2021-08-31,23.716,23.716,23.716,23.716,0,0.0,0.0,0.0,0.0,0.0,,1.42,0.0,0.0
2021-09-01,22.269,23.548,22.067,23.548,7300,171900.4,0.0,2500.0,0.0,170000.0,,1.42,0.0,0.17
2021-09-06,23.548,23.548,23.548,23.548,0,0.0,0.0,0.0,0.0,0.0,,1.42,0.0,0.0
2021-09-07,22.168,22.168,22.168,22.168,100,2216.8,0.0,0.0,0.0,0.0,,1.42,0.0,0.0
2021-09-08,22.438,23.144,22.438,23.144,1200,27772.8,0.0,0.0,0.0,0.0,,1.42,0.0,0.0
2021-09-09,23.514,23.514,23.514,23.514,100,2351.4,0.0,0.0,0.0,0.0,,1.42,0.0,0.0
2021-09-10,23.514,23.514,23.514,23.514,0,0.0,0.0,0.0,0.0,0.0,,1.42,0.0,0.0
2021-09-13,23.514,23.514,23.514,23.514,0,0.0,0.0,0.0,0.0,0.0,,1.42,0.0,0.0
2021-09-14,23.548,23.548,23.548,23.548,500,11774.0,0.0,0.0,0.0,0.0,,1.42,0.0,0.0
2021-09-15,22.908,23.548,22.908,23.548,300,7064.4,0.0,0.0,0.0,0.0,,1.42,0.0,0.0
2021-09-16,23.548,23.548,23.548,23.548,0,0.0,0.0,0.0,0.0,0.0,,1.42,0.0,0.0
2021-09-17,23.548,23.548,23.548,23.548,300,7064.4,300.0,0.0,20000.0,0.0,,1.42,0.02,0.0
2021-09-20,23.548,23.548,23.548,23.548,0,0.0,0.0,0.0,0.0,0.0,,1.42,0.0,0.0
2021-09-21,25.196,25.196,25.196,25.196,2300,57950.8,0.0,0.0,0.0,0.0,,1.42,0.0,0.0
2021-09-22,25.196,25.196,25.196,25.196,0,0.0,0.0,0.0,0.0,0.0,,1.42,0.0,0.0
2021-09-23,25.196,25.196,25.196,25.196,0,0.0,0.0,0.0,0.0,0.0,,1.42,0.0,0.0
2021-09-24,25.23,25.263,25.23,25.263,22700,573470.1000000001,0.0,0.0,0.0,0.0,,1.42,0.0,0.0
2021-09-27,25.23,26.878,25.23,26.878,200,5375.6,0.0,0.0,0.0,0.0,,1.42,0.0,0.0
2021-09-28,26.878,26.878,26.878,26.878,0,0.0,0.0,0.0,0.0,0.0,,1.42,0.0,0.0
2021-09-29,26.878,26.878,26.878,26.878,0,0.0,0.0,0.0,0.0,0.0,,1.42,0.0,0.0
2021-09-30,26.878,27.248,26.878,27.248,1400,38147.2,0.0,100.0,0.0,10000.0,,1.42,0.0,0.01
2021-10-01,27.248,27.248,27.248,27.248,0,0.0,2843.6,2843.6,2140000.0,2140000.0,,1.42,2.14,2.14
2021-10-04,27.248,27.248,27.248,27.248,0,0.0,0.0,0.0,0.0,0.0,,1.42,0.0,0.0
2021-10-05,27.248,27.248,27.248,27.248,0,0.0,0.0,0.0,0.0,0.0,,1.42,0.0,0.0
2021-10-06,27.248,27.248,27.248,27.248,100,2724.8,0.0,0.0,0.0,0.0,,1.42,0.0,0.0
2021-10-07,27.248,27.416,27.248,27.383,4200,115008.6,0.0,2000.0,0.0,160000.0,,1.42,0.0,0.16
2021-10-08,27.416,27.584,27.416,27.584,200,5516.8,0.0,0.0,0.0,0.0,,1.42,0.0,0.0
2021-10-11,27.584,27.584,27.584,27.584,100,2758.4,0.0,0.0,0.0,0.0,,1.42,0.0,0.0
2021-10-12,25.667,25.667,25.667,25.667,100,2566.7000000000003,0.0,0.0,0.0,0.0,,1.42,0.0,0.0
2021-10-13,27.248,27.416,27.248,27.248,1600,43596.8,0.0,0.0,0.0,0.0,,1.42,0.0,0.0
2021-10-14,27.248,27.248,27.248,27.248,0,0.0,0.0,0.0,0.0,0.0,,1.42,0.0,0.0
2021-10-15,27.248,27.248,27.248,27.248,0,0.0,0.0,0.0,0.0,0.0,,1.42,0.0,0.0
2021-10-18,27.921,27.921,27.921,27.921,600,16752.6,0.0,0.0,0.0,0.0,,1.42,0.0,0.0
2021-10-19,28.594,29.872,28.594,29.872,4200,125462.4,0.0,0.0,0.0,0.0,,1.42,0.0,0.0
2021-10-20,29.872,29.872,29.872,29.872,0,0.0,0.0,0.0,0.0,0.0,,1.42,0.0,0.0
2021-10-21,29.603,31.621,29.603,31.621,6100,192888.1,0.0,0.0,0.0,0.0,,1.42,0.0,0.0
2021-10-22,32.967,32.967,32.967,32.967,200,6593.4,0.0,0.0,0.0,0.0,,1.42,0.0,0.0
2021-10-25,35.254,35.254,35.254,35.254,200,7050.799999999999,100.0,0.0,10000.0,0.0,,1.42,0.01,0.0
2021-10-26,35.254,35.254,33.639,33.639,2200,74005.8,100.0,200.0,10000.0,20000.0,,1.42,0.01,0.02
2021-10-27,32.63,35.994,32.63,35.994,18400,662289.6,0.0,2800.0,0.0,300000.0,,1.42,0.0,0.3
2021-10-28,38.484,38.484,34.649,34.649,9700,336095.3,0.0,0.0,0.0,0.0,,1.42,0.0,0.0
2021-10-29,32.967,33.0,32.63,32.967,8500,280219.5,0.0,0.0,0.0,0.0,,1.42,0.0,0.0
2021-11-01,32.967,32.967,32.967,32.967,0,0.0,0.0,0.0,0.0,0.0,,1.42,0.0,0.0
2021-11-02,31.688,31.789,31.688,31.789,13700,435509.3000000001,0.0,0.0,0.0,0.0,,1.42,0.0,0.0
2021-11-03,30.309,34.009,30.275,31.957,12900,412245.3,0.0,0.0,0.0,0.0,,1.42,0.0,0.0
2021-11-04,30.275,33.639,30.275,30.612,8200,251018.4,100.0,300.0,10000.0,30000.0,,1.42,0.01,0.03
2021-11-05,30.948,30.948,30.948,30.948,6800,210446.4,0.0,0.0,0.0,0.0,,1.42,0.0,0.0
2021-11-08,29.771,29.771,29.771,29.771,2600,77404.6,0.0,0.0,0.0,0.0,,1.42,0.0,0.0
2021-11-09,29.266,29.266,29.266,29.266,4500,131697.0,0.0,0.0,0.0,0.0,,1.42,0.0,0.0
2021-11-10,31.285,31.285,31.285,31.285,100,3128.5,0.0,0.0,0.0,0.0,,1.42,0.0,0.0
2021-11-11,31.285,31.285,31.285,31.285,0,0.0,0.0,0.0,0.0,0.0,,1.42,0.0,0.0
2021-11-12,29.973,33.471,29.939,31.285,500,15642.5,0.0,0.0,0.0,0.0,,1.42,0.0,0.0
2021-11-15,31.285,31.957,31.285,31.957,700,22369.9,0.0,0.0,0.0,0.0,,1.42,0.0,0.0
2021-11-16,30.679,30.679,30.679,30.679,500,15339.5,0.0,0.0,0.0,0.0,,1.42,0.0,0.0
2021-11-17,30.275,31.285,30.275,31.285,400,12514.0,0.0,0.0,0.0,0.0,,1.42,0.0,0.0
2021-11-18,31.285,31.285,31.285,31.285,400,12514.0,0.0,400.0,0.0,40000.0,,1.42,0.0,0.04
2021-11-19,31.285,31.285,31.285,31.285,3600,112626.0,0.0,0.0,0.0,0.0,,1.42,0.0,0.0
2021-11-22,31.285,31.285,31.285,31.285,0,0.0,0.0,0.0,0.0,0.0,,1.42,0.0,0.0
2021-11-23,31.285,31.285,31.285,31.285,0,0.0,0.0,0.0,0.0,0.0,,1.42,0.0,0.0
2021-11-24,31.285,31.285,31.285,31.285,0,0.0,0.0,0.0,0.0,0.0,,1.42,0.0,0.0
2021-11-25,31.285,31.285,29.266,29.266,10700,313146.19999999995,0.0,100.0,0.0,10000.0,,1.42,0.0,0.01
2021-11-26,31.251,31.251,31.251,31.251,1100,34376.1,0.0,0.0,0.0,0.0,,1.42,0.0,0.0
2021-11-29,31.621,33.438,30.343,30.343,2300,69788.9,0.0,600.0,0.0,50000.0,,1.42,0.0,0.05
2021-11-30,32.462,32.462,32.462,32.462,100,3246.2000000000003,0.0,0.0,0.0,0.0,,1.42,0.0,0.0
2021-12-01,32.462,32.462,32.462,32.462,0,0.0,0.0,0.0,0.0,0.0,,1.42,0.0,0.0
2021-12-02,34.649,34.716,34.581,34.716,7000,243012.0,0.0,0.0,0.0,0.0,,1.42,0.0,0.0
2021-12-03,37.003,37.138,36.667,37.138,5100,189403.8,0.0,0.0,0.0,0.0,,1.42,0.0,0.0
2021-12-06,39.695,39.728,37.003,39.627,3800,150582.6,0.0,0.0,0.0,0.0,,1.42,0.0,0.0
2021-12-07,40.367,42.386,40.367,42.386,17600,745993.6000000001,0.0,0.0,0.0,0.0,,1.42,0.0,0.0
2021-12-08,45.346,45.346,45.346,45.346,3700,167780.19999999998,0.0,0.0,0.0,0.0,,1.42,0.0,0.0
2021-12-09,47.095,47.095,47.095,47.095,42700,2010956.5,0.0,0.0,0.0,0.0,,1.42,0.0,0.0
2021-12-10,43.799,47.095,43.799,43.799,20300,889119.7,100.0,0.0,10000.0,0.0,,1.42,0.01,0.0
2021-12-13,46.591,46.86,46.591,46.86,36200,1696332.0,100.0,0.0,10000.0,0.0,,1.42,0.01,0.0
2021-12-14,50.055,50.055,50.055,50.055,100,5005.5,0.0,0.0,0.0,0.0,,1.42,0.0,0.0
2021-12-15,48.104,48.104,48.104,48.104,100,4810.4,0.0,0.0,0.0,0.0,,1.42,0.0,0.0
2021-12-16,48.071,48.071,48.071,48.071,100,4807.099999999999,100.0,0.0,10000.0,0.0,,1.42,0.01,0.0
2021-12-17,47.095,48.071,44.707,44.707,2300,102826.1,0.0,0.0,0.0,0.0,,1.42,0.0,0.0
2021-12-20,44.707,44.707,44.707,44.707,0,0.0,0.0,0.0,0.0,0.0,,1.42,0.0,0.0
2021-12-21,44.707,44.707,44.707,44.707,0,0.0,0.0,0.0,0.0,0.0,,1.42,0.0,0.0
2021-12-22,44.135,47.432,44.068,47.432,52400,2485436.8000000003,0.0,300.0,0.0,40000.0,,1.42,0.0,0.04
2021-12-23,46.759,46.759,44.135,44.135,92900,4100141.5,0.0,0.0,0.0,0.0,,1.42,0.0,0.0
2021-12-24,44.135,44.135,44.135,44.135,0,0.0,0.0,0.0,0.0,0.0,,1.42,0.0,0.0
2021-12-27,44.135,44.135,44.135,44.135,0,0.0,0.0,0.0,0.0,0.0,,1.42,0.0,0.0
2021-12-28,41.074,41.074,41.074,41.074,100,4107.4,0.0,0.0,0.0,0.0,,1.42,0.0,0.0
2021-12-29,38.214,38.214,38.214,38.214,900,34392.6,0.0,0.0,0.0,0.0,,1.42,0.0,0.0
2021-12-30,35.557,38.181,35.557,38.181,900,34362.899999999994,0.0,0.0,0.0,0.0,,1.42,0.0,0.0
2021-12-31,35.557,35.557,35.523,35.523,1000,35523.0,0.0,0.0,0.0,0.0,,1.42,0.0,0.0
2022-01-04,33.168,37.979,33.135,37.979,2400,91149.6,0.0,0.0,0.0,0.0,,1.42,0.0,0.0
2022-01-05,37.979,37.979,37.979,37.979,0,0.0,0.0,0.0,0.0,0.0,,1.42,0.0,0.0
2022-01-06,35.321,35.321,35.321,35.321,300,10596.3,0.0,0.0,0.0,0.0,,1.42,0.0,0.0
2022-01-07,35.321,35.321,35.321,35.321,0,0.0,0.0,0.0,0.0,0.0,,1.42,0.0,0.0
2022-01-10,32.866,32.866,32.866,32.866,500,16433.0,0.0,0.0,0.0,0.0,,1.42,0.0,0.0
2022-01-11,35.153,35.153,35.153,35.153,4000,140612.0,0.0,0.0,0.0,0.0,,1.42,0.0,0.0
2022-01-12,32.698,37.003,32.698,37.003,2500,92507.5,0.0,0.0,0.0,0.0,,1.42,0.0,0.0
2022-01-13,34.48,34.548,34.48,34.548,2500,86370.0,0.0,1700.0,0.0,170000.0,,1.42,0.0,0.17
2022-01-14,33.639,33.639,33.639,33.639,500,16819.5,0.0,0.0,0.0,0.0,,1.42,0.0,0.0
2022-01-17,33.639,33.639,33.639,33.639,0,0.0,0.0,0.0,0.0,0.0,,1.42,0.0,0.0
2022-01-18,33.639,33.639,33.639,33.639,0,0.0,0.0,0.0,0.0,0.0,,1.42,0.0,0.0
2022-01-19,35.994,35.994,35.994,35.994,100,3599.4,0.0,0.0,0.0,0.0,,1.42,0.0,0.0
2022-01-20,38.282,38.282,38.282,38.282,200,7656.4,0.0,0.0,0.0,0.0,,1.42,0.0,0.0
2022-01-21,36.667,36.667,36.667,36.667,200,7333.400000000001,0.0,0.0,0.0,0.0,,1.42,0.0,0.0
2022-01-24,39.123,39.123,39.123,39.123,200,7824.599999999999,0.0,0.0,0.0,0.0,,1.42,0.0,0.0
2022-01-25,39.123,39.123,39.123,39.123,0,0.0,0.0,0.0,0.0,0.0,,1.42,0.0,0.0
2022-01-26,36.398,41.646,36.398,41.646,300,12493.8,0.0,0.0,0.0,0.0,,1.42,0.0,0.0
2022-01-27,41.646,41.646,41.646,41.646,0,0.0,0.0,0.0,0.0,0.0,,1.42,0.0,0.0
2022-01-28,41.646,41.646,41.646,41.646,0,0.0,0.0,0.0,0.0,0.0,,1.42,0.0,0.0
2022-02-07,41.646,41.646,41.646,41.646,0,0.0,0.0,0.0,0.0,0.0,,1.42,0.0,0.0
2022-02-08,38.753,41.646,38.753,41.646,500,20823.0,0.0,0.0,0.0,0.0,,1.42,0.0,0.0
2022-02-09,38.786,43.731,38.753,38.753,700,27127.1,0.0,0.0,0.0,0.0,,1.42,0.0,0.0
2022-02-10,38.753,38.753,38.753,38.753,0,0.0,0.0,0.0,0.0,0.0,,1.42,0.0,0.0
2022-02-11,38.753,38.753,38.753,38.753,0,0.0,0.0,0.0,0.0,0.0,,1.42,0.0,0.0
2022-02-14,38.753,38.753,38.753,38.753,0,0.0,0.0,0.0,0.0,0.0,,1.42,0.0,0.0
2022-02-15,38.753,38.753,38.753,38.753,0,0.0,0.0,0.0,0.0,0.0,,1.42,0.0,0.0
2022-02-16,38.753,38.753,38.753,38.753,0,0.0,0.0,0.0,0.0,0.0,,1.42,0.0,0.0
2022-02-17,38.753,38.753,38.753,38.753,0,0.0,0.0,0.0,0.0,0.0,,1.42,0.0,0.0
2022-02-18,36.095,38.954,36.095,38.954,500,19477.0,0.0,0.0,0.0,0.0,,1.42,0.0,0.0
2022-02-21,39.358,39.695,39.358,39.695,3400,134963.0,3300.0,0.0,390000.0,0.0,,1.42,0.39,0.0
2022-02-22,39.695,39.695,39.695,39.695,0,0.0,0.0,0.0,0.0,0.0,,1.42,0.0,0.0
2022-02-23,39.695,39.695,39.695,39.695,0,0.0,0.0,0.0,0.0,0.0,,1.42,0.0,0.0
2022-02-24,38.685,38.685,38.685,38.685,400,15474.0,0.0,400.0,0.0,50000.0,,1.42,0.0,0.05
2022-02-25,38.685,38.685,38.685,38.685,0,0.0,0.0,0.0,0.0,0.0,,1.42,0.0,0.0
2022-02-28,37.676,37.676,37.676,37.676,300,11302.8,0.0,300.0,0.0,30000.0,,1.42,0.0,0.03
2022-03-01,37.003,37.003,37.003,37.003,300,11100.9,0.0,300.0,0.0,30000.0,,1.42,0.0,0.03
2022-03-02,36.331,36.331,36.331,36.331,200,7266.200000000001,0.0,200.0,0.0,20000.0,,1.42,0.0,0.02
2022-03-03,35.658,35.658,35.658,35.658,300,10697.4,0.0,300.0,0.0,30000.0,,1.42,0.0,0.03
2022-03-04,34.985,34.985,34.985,34.985,1100,38483.5,0.0,1100.0,0.0,110000.0,,1.42,0.0,0.11
2022-03-07,33.639,37.407,33.639,37.407,800,29925.6,0.0,700.0,0.0,70000.0,,1.42,0.0,0.07
2022-03-08,37.407,37.407,37.407,37.407,0,0.0,0.0,0.0,0.0,0.0,,1.42,0.0,0.0
2022-03-09,37.441,37.441,37.441,37.441,100,3744.1,0.0,0.0,0.0,0.0,,1.42,0.0,0.0
2022-03-10,37.441,37.441,37.441,37.441,100,3744.1,0.0,0.0,0.0,0.0,,1.42,0.0,0.0
2022-03-11,37.441,37.441,37.441,37.441,0,0.0,0.0,0.0,0.0,0.0,,1.42,0.0,0.0
2022-03-14,37.441,37.441,37.441,37.441,0,0.0,0.0,0.0,0.0,0.0,,1.42,0.0,0.0
2022-03-15,37.441,37.441,37.441,37.441,0,0.0,0.0,0.0,0.0,0.0,,1.42,0.0,0.0
2022-03-16,37.441,37.441,37.441,37.441,0,0.0,0.0,0.0,0.0,0.0,,1.42,0.0,0.0
2022-03-17,37.441,37.441,37.441,37.441,100,3744.1,0.0,0.0,0.0,0.0,,1.42,0.0,0.0
2022-03-18,37.407,37.407,37.407,37.407,1100,41147.7,1100.0,0.0,120000.0,0.0,,1.42,0.12,0.0
2022-03-21,37.34,37.407,37.34,37.407,900,33666.3,800.0,0.0,90000.0,0.0,,1.42,0.09,0.0
2022-03-22,37.407,37.407,37.407,37.407,0,0.0,0.0,0.0,0.0,0.0,,1.42,0.0,0.0
2022-03-23,37.407,37.407,37.407,37.407,0,0.0,0.0,0.0,0.0,0.0,,1.42,0.0,0.0
2022-03-24,37.407,37.407,37.407,37.407,0,0.0,0.0,0.0,0.0,0.0,,1.42,0.0,0.0
2022-03-25,34.85,34.85,34.85,34.85,100,3485.0,0.0,0.0,0.0,0.0,,1.42,0.0,0.0
2022-03-28,34.884,34.884,34.85,34.85,500,17425.0,0.0,0.0,0.0,0.0,,1.42,0.0,0.0
2022-03-29,34.884,34.884,34.884,34.884,100,3488.4,0.0,0.0,0.0,0.0,,1.42,0.0,0.0
2022-03-30,34.884,34.884,34.884,34.884,0,0.0,0.0,0.0,0.0,0.0,,1.42,0.0,0.0
2022-03-31,34.884,34.884,34.884,34.884,0,0.0,0.0,0.0,0.0,0.0,,1.42,0.0,0.0
2022-04-01,34.884,34.884,34.884,34.884,0,0.0,0.0,0.0,0.0,0.0,,1.42,0.0,0.0
2022-04-04,34.884,34.884,34.884,34.884,0,0.0,0.0,0.0,0.0,0.0,,1.42,0.0,0.0
2022-04-05,34.884,34.884,34.884,34.884,0,0.0,0.0,0.0,0.0,0.0,,1.42,0.0,0.0
2022-04-06,34.884,34.884,34.884,34.884,0,0.0,0.0,0.0,0.0,0.0,,1.42,0.0,0.0
2022-04-07,32.63,32.63,32.63,32.63,300,9789.0,0.0,0.0,0.0,0.0,,1.42,0.0,0.0
2022-04-08,32.664,32.664,32.63,32.63,800,26104.000000000004,0.0,0.0,0.0,0.0,,1.42,0.0,0.0
2022-04-12,34.817,34.817,34.817,34.817,100,3481.7,0.0,0.0,0.0,0.0,,1.42,0.0,0.0
2022-04-13,33.673,33.673,33.639,33.639,200,6727.8,0.0,0.0,0.0,0.0,,1.42,0.0,0.0
2022-04-14,33.639,33.639,33.639,33.639,0,0.0,0.0,0.0,0.0,0.0,,1.42,0.0,0.0
2022-04-15,33.639,33.639,33.639,33.639,0,0.0,0.0,0.0,0.0,0.0,,1.42,0.0,0.0
2022-04-18,35.927,35.927,35.927,35.927,100,3592.7,0.0,0.0,0.0,0.0,,1.42,0.0,0.0
2022-04-19,33.471,33.471,33.471,33.471,100,3347.0999999999995,0.0,0.0,0.0,0.0,,1.42,0.0,0.0
2022-04-20,33.471,33.471,33.471,33.471,0,0.0,0.0,0.0,0.0,0.0,,1.42,0.0,0.0
2022-04-21,33.471,33.471,33.471,33.471,0,0.0,0.0,0.0,0.0,0.0,,1.42,0.0,0.0
2022-04-22,33.471,33.471,33.471,33.471,0,0.0,0.0,0.0,0.0,0.0,,1.42,0.0,0.0
2022-04-25,31.184,34.514,31.184,34.514,700,24159.800000000003,0.0,0.0,0.0,0.0,,1.42,0.0,0.0
2022-04-26,34.514,34.514,34.514,34.514,0,0.0,0.0,0.0,0.0,0.0,,1.42,0.0,0.0
2022-04-27,34.514,34.514,34.514,34.514,0,0.0,0.0,0.0,0.0,0.0,,1.42,0.0,0.0
2022-04-28,34.514,34.514,34.514,34.514,0,0.0,0.0,0.0,0.0,0.0,,1.42,0.0,0.0
2022-04-29,34.514,34.514,34.514,34.514,0,0.0,0.0,0.0,0.0,0.0,,1.42,0.0,0.0
2022-05-04,34.548,34.548,34.548,34.548,100,3454.8,0.0,0.0,0.0,0.0,,1.42,0.0,0.0
2022-05-05,34.548,34.548,34.548,34.548,0,0.0,0.0,0.0,0.0,0.0,,1.42,0.0,0.0
2022-05-06,34.548,34.548,34.548,34.548,0,0.0,0.0,0.0,0.0,0.0,,1.42,0.0,0.0
2022-05-09,34.548,34.548,34.548,34.548,0,0.0,0.0,0.0,0.0,0.0,,1.42,0.0,0.0
2022-05-10,34.548,34.548,34.548,34.548,0,0.0,0.0,0.0,0.0,0.0,,1.42,0.0,0.0
2022-05-11,34.548,34.548,34.548,34.548,0,0.0,0.0,0.0,0.0,0.0,,1.42,0.0,0.0
2022-05-12,34.548,34.548,34.548,34.548,100,3454.8,0.0,0.0,0.0,0.0,,1.42,0.0,0.0
2022-05-13,34.548,34.548,34.548,34.548,200,6909.6,0.0,0.0,0.0,0.0,,1.42,0.0,0.0
2022-05-16,34.548,34.548,34.548,34.548,0,0.0,0.0,0.0,0.0,0.0,,1.42,0.0,0.0
2022-05-17,34.548,34.548,34.548,34.548,0,0.0,0.0,0.0,0.0,0.0,,1.42,0.0,0.0
2022-05-18,34.548,34.548,34.548,34.548,0,0.0,0.0,0.0,0.0,0.0,,1.42,0.0,0.0
2022-05-19,34.548,34.548,34.548,34.548,0,0.0,0.0,0.0,0.0,0.0,,1.42,0.0,0.0
2022-05-20,34.548,34.548,34.548,34.548,0,0.0,0.0,0.0,0.0,0.0,,1.42,0.0,0.0
2022-05-23,34.548,34.548,34.548,34.548,0,0.0,0.0,0.0,0.0,0.0,,1.42,0.0,0.0
2022-05-24,34.548,34.548,34.548,34.548,0,0.0,0.0,0.0,0.0,0.0,,1.42,0.0,0.0
2022-05-25,34.548,34.548,34.548,34.548,0,0.0,0.0,0.0,0.0,0.0,,1.42,0.0,0.0
2022-05-26,34.548,34.548,34.548,34.548,0,0.0,0.0,0.0,0.0,0.0,,1.42,0.0,0.0
2022-05-27,34.548,34.548,34.548,34.548,0,0.0,0.0,0.0,0.0,0.0,,1.42,0.0,0.0
2022-05-30,34.548,34.548,34.548,34.548,0,0.0,0.0,0.0,0.0,0.0,,1.42,0.0,0.0
2022-05-31,34.548,34.548,34.548,34.548,0,0.0,0.0,0.0,0.0,0.0,,1.42,0.0,0.0
2022-06-01,34.548,34.548,34.548,34.548,0,0.0,0.0,0.0,0.0,0.0,,1.42,0.0,0.0
2022-06-02,34.548,34.548,34.548,34.548,0,0.0,0.0,0.0,0.0,0.0,,1.42,0.0,0.0
2022-06-03,34.548,34.548,34.548,34.548,0,0.0,0.0,0.0,0.0,0.0,,1.42,0.0,0.0
2022-06-06,34.548,34.548,34.548,34.548,0,0.0,0.0,0.0,0.0,0.0,,1.42,0.0,0.0
2022-06-07,34.548,34.548,34.548,34.548,0,0.0,0.0,0.0,0.0,0.0,,1.42,0.0,0.0
2022-06-08,34.548,34.548,34.548,34.548,0,0.0,0.0,0.0,0.0,0.0,,1.42,0.0,0.0
2022-06-09,34.548,34.548,34.548,34.548,0,0.0,0.0,0.0,0.0,0.0,,1.42,0.0,0.0
2022-06-10,34.548,34.548,34.548,34.548,0,0.0,0.0,0.0,0.0,0.0,,1.42,0.0,0.0
2022-06-13,34.548,34.548,34.548,34.548,0,0.0,0.0,0.0,0.0,0.0,,1.42,0.0,0.0
2022-06-14,34.548,34.548,34.548,34.548,0,0.0,0.0,0.0,0.0,0.0,,1.42,0.0,0.0
2022-06-15,34.548,34.548,34.548,34.548,0,0.0,0.0,0.0,0.0,0.0,,1.42,0.0,0.0
2022-06-16,34.548,34.548,34.548,34.548,0,0.0,0.0,0.0,0.0,0.0,,1.42,0.0,0.0
2022-06-17,34.548,34.548,34.548,34.548,0,0.0,0.0,0.0,0.0,0.0,,1.42,0.0,0.0
2022-06-20,34.548,34.548,34.548,34.548,0,0.0,0.0,0.0,0.0,0.0,,1.42,0.0,0.0
2022-06-21,34.548,34.548,34.548,34.548,0,0.0,0.0,0.0,0.0,0.0,,1.42,0.0,0.0
2022-06-22,34.548,34.548,34.548,34.548,0,0.0,0.0,0.0,0.0,0.0,,1.42,0.0,0.0
2022-06-23,34.548,34.548,34.548,34.548,0,0.0,0.0,0.0,0.0,0.0,,1.42,0.0,0.0
2022-06-24,34.548,34.548,34.548,34.548,0,0.0,0.0,0.0,0.0,0.0,,1.42,0.0,0.0
2022-06-27,34.548,34.548,34.548,34.548,0,0.0,0.0,0.0,0.0,0.0,,1.42,0.0,0.0
2022-06-28,34.548,34.548,34.548,34.548,0,0.0,0.0,0.0,0.0,0.0,,1.42,0.0,0.0
2022-06-29,34.548,34.548,34.548,34.548,0,0.0,0.0,0.0,0.0,0.0,,1.42,0.0,0.0
2022-06-30,34.548,34.548,34.548,34.548,0,0.0,0.0,0.0,0.0,0.0,,1.42,0.0,0.0
2022-07-01,34.886,34.886,34.886,34.886,0,0.0,0.0,0.0,0.0,0.0,,1.42,0.0,0.0
2022-07-04,34.886,34.886,34.886,34.886,0,0.0,0.0,0.0,0.0,0.0,,1.42,0.0,0.0
2022-07-05,34.886,34.886,34.886,34.886,0,0.0,0.0,0.0,0.0,0.0,,1.42,0.0,0.0
2022-07-06,34.886,34.886,34.886,34.886,0,0.0,0.0,0.0,0.0,0.0,,1.42,0.0,0.0
2022-07-07,34.886,34.886,34.886,34.886,0,0.0,0.0,0.0,0.0,0.0,,1.42,0.0,0.0
2022-07-08,34.886,34.886,34.886,34.886,0,0.0,0.0,0.0,0.0,0.0,,1.42,0.0,0.0
2022-07-11,34.886,34.886,34.886,34.886,0,0.0,0.0,0.0,0.0,0.0,,1.42,0.0,0.0
2022-07-12,34.886,34.886,34.886,34.886,0,0.0,0.0,0.0,0.0,0.0,,1.42,0.0,0.0
2022-07-13,34.886,34.886,34.886,34.886,0,0.0,0.0,0.0,0.0,0.0,,1.42,0.0,0.0
2022-07-14,34.886,34.886,34.886,34.886,0,0.0,0.0,0.0,0.0,0.0,,1.42,0.0,0.0
2022-07-15,32.27,32.27,32.27,32.27,100,3227.0000000000005,0.0,0.0,0.0,0.0,,1.42,0.0,0.0
2022-07-18,32.27,32.27,32.27,32.27,0,0.0,0.0,0.0,0.0,0.0,,1.42,0.0,0.0
2022-07-19,32.27,34.512,30.029,34.512,2000,69024.0,100.0,1900.0,10000.0,170000.0,,1.42,0.01,0.17
2022-07-20,34.512,34.512,34.512,34.512,0,0.0,0.0,0.0,0.0,0.0,,1.42,0.0,0.0
2022-07-21,34.512,34.512,34.512,34.512,0,0.0,0.0,0.0,0.0,0.0,,1.42,0.0,0.0
2022-07-22,34.512,34.512,34.512,34.512,0,0.0,0.0,0.0,0.0,0.0,,1.42,0.0,0.0
2022-07-25,32.101,32.135,32.101,32.135,1000,32135.0,0.0,0.0,0.0,0.0,,1.42,0.0,0.0
2022-07-26,32.135,32.135,32.135,32.135,0,0.0,0.0,0.0,0.0,0.0,,1.42,0.0,0.0
2022-07-27,32.135,32.135,32.135,32.135,0,0.0,0.0,0.0,0.0,0.0,,1.42,0.0,0.0
2022-07-28,34.275,34.275,30.606,34.105,300,10231.499999999998,0.0,0.0,0.0,0.0,,1.42,0.0,0.0
2022-07-29,36.279,36.279,36.279,36.279,100,3627.900000000001,0.0,0.0,0.0,0.0,,1.42,0.0,0.0
2022-08-01,33.765,33.765,33.765,33.765,100,3376.5,0.0,0.0,0.0,0.0,,1.42,0.0,0.0
2022-08-02,33.595,33.595,31.455,31.455,200,6291.0,0.0,0.0,0.0,0.0,,1.42,0.0,0.0
2022-08-03,30.572,33.324,30.572,30.64,300,9192.0,0.0,0.0,0.0,0.0,,1.42,0.0,0.0
2022-08-04,30.742,30.742,30.64,30.64,200,6128.0,0.0,0.0,0.0,0.0,,1.42,0.0,0.0
2022-08-05,32.135,32.576,32.135,32.576,200,6515.2,0.0,0.0,0.0,0.0,,1.42,0.0,0.0
2022-08-08,30.402,32.712,30.402,32.712,500,16356.000000000002,0.0,0.0,0.0,0.0,,1.42,0.0,0.0
2022-08-09,32.61,32.61,30.708,32.304,400,12921.6,0.0,0.0,0.0,0.0,,1.42,0.0,0.0
2022-08-10,32.27,34.546,32.27,34.546,1500,51819.0,0.0,0.0,0.0,0.0,,1.42,0.0,0.0
2022-08-11,34.546,34.546,34.546,34.546,100,3454.6,0.0,0.0,0.0,0.0,,1.42,0.0,0.0
2022-08-12,34.546,36.958,34.546,36.958,1100,40653.8,0.0,0.0,0.0,0.0,,1.42,0.0,0.0
2022-08-15,39.54,39.54,39.54,39.54,1000,39540.0,0.0,0.0,0.0,0.0,,1.42,0.0,0.0
2022-08-16,39.54,39.54,39.54,39.54,0,0.0,0.0,0.0,0.0,0.0,,1.42,0.0,0.0
2022-08-17,39.54,39.54,39.54,39.54,0,0.0,0.0,0.0,0.0,0.0,,1.42,0.0,0.0
2022-08-18,39.54,39.54,39.064,39.064,400,15625.6,0.0,0.0,0.0,0.0,,1.42,0.0,0.0
2022-08-19,39.064,39.064,39.064,39.064,0,0.0,0.0,0.0,0.0,0.0,,1.42,0.0,0.0
2022-08-22,39.064,39.064,39.064,39.064,0,0.0,0.0,0.0,0.0,0.0,,1.42,0.0,0.0
2022-08-23,36.347,36.347,36.347,36.347,600,21808.2,0.0,0.0,0.0,0.0,,1.42,0.0,0.0
2022-08-24,33.969,36.347,33.969,36.347,2100,76328.7,0.0,2000.0,0.0,210000.0,,1.42,0.0,0.21
2022-08-25,36.347,36.347,36.347,36.347,0,0.0,0.0,0.0,0.0,0.0,,1.42,0.0,0.0
2022-08-26,36.347,36.347,36.347,36.347,0,0.0,0.0,0.0,0.0,0.0,,1.42,0.0,0.0
2022-08-29,33.969,33.969,33.969,33.969,5200,176638.80000000002,0.0,0.0,0.0,0.0,,1.42,0.0,0.0
2022-08-30,33.629,33.629,33.629,33.629,300,10088.7,0.0,300.0,0.0,30000.0,,1.42,0.0,0.03
2022-08-31,32.95,32.95,32.95,32.95,200,6590.000000000001,0.0,200.0,0.0,20000.0,,1.42,0.0,0.02
2022-09-05,31.931,31.931,31.931,31.931,600,19158.6,0.0,600.0,0.0,60000.0,,1.42,0.0,0.06
2022-09-06,31.931,31.931,31.931,31.931,0,0.0,0.0,0.0,0.0,0.0,,1.42,0.0,0.0
2022-09-07,31.931,31.931,31.931,31.931,200,6386.2,0.0,200.0,0.0,20000.0,,1.42,0.0,0.02
2022-09-08,31.931,31.931,31.931,31.931,200,6386.2,0.0,200.0,0.0,20000.0,,1.42,0.0,0.02
2022-09-09,29.927,31.591,29.927,31.591,200,6318.2,0.0,100.0,0.0,10000.0,,1.42,0.0,0.01
2022-09-12,30.912,30.912,30.912,30.912,500,15456.0,0.0,520.0,0.0,50000.0,,1.42,0.0,0.05
2022-09-13,28.84,30.912,30.878,30.912,300,9273.6,0.0,200.0,0.0,20000.0,,1.42,0.0,0.02
2022-09-14,28.806,30.912,30.912,30.912,0,0.0,0.0,0.0,0.0,0.0,,1.42,0.0,0.0
2022-09-15,30.572,32.95,30.402,32.95,5800,191110.00000000003,0.0,500.0,0.0,40000.0,,1.42,0.0,0.04
2022-09-16,32.508,33.29,32.508,33.29,2500,83225.0,0.0,1500.0,0.0,150000.0,,1.42,0.0,0.15
2022-09-19,31.251,33.256,31.15,33.256,400,13302.4,0.0,0.0,0.0,0.0,,1.42,0.0,0.0
2022-09-20,33.256,33.256,33.256,33.256,0,0.0,0.0,0.0,0.0,0.0,,1.42,0.0,0.0
2022-09-21,31.285,31.285,31.285,31.285,300,9385.5,0.0,0.0,0.0,0.0,,1.42,0.0,0.0
2022-09-22,33.459,33.459,33.459,33.459,100,3345.9000000000005,0.0,0.0,0.0,0.0,,1.42,0.0,0.0
2022-09-23,33.629,33.629,33.629,33.629,1900,63895.1,0.0,1700.0,0.0,170000.0,,1.42,0.0,0.17
2022-09-26,31.591,35.973,31.591,35.633,4600,163911.80000000002,0.0,3400.0,0.0,340000.0,,1.42,0.0,0.34
2022-09-27,35.633,35.633,35.633,35.633,0,0.0,0.0,33.0,0.0,0.0,,1.42,0.0,0.0
2022-09-28,33.154,35.633,33.154,35.633,5800,206671.4,0.0,900.0,0.0,90000.0,,1.42,0.0,0.09
2022-09-29,35.633,35.633,35.633,35.633,0,0.0,0.0,0.0,0.0,0.0,,1.42,0.0,0.0
2022-09-30,35.633,35.633,35.633,35.633,0,0.0,0.0,0.0,0.0,0.0,,1.42,0.0,0.0
2022-10-03,35.633,35.633,35.633,35.633,0,0.0,0.0,0.0,0.0,0.0,,1.42,0.0,0.0
2022-10-04,35.633,35.633,35.633,35.633,0,0.0,0.0,0.0,0.0,0.0,,1.42,0.0,0.0
2022-10-05,35.633,35.633,35.633,35.633,0,0.0,0.0,0.0,0.0,0.0,,1.42,0.0,0.0
2022-10-06,35.633,35.633,35.633,35.633,0,0.0,0.0,0.0,0.0,0.0,,1.42,0.0,0.0
2022-10-07,35.633,35.633,35.633,35.633,0,0.0,0.0,0.0,0.0,0.0,,1.42,0.0,0.0
2022-10-10,38.113,38.113,38.113,38.113,300,11433.9,0.0,100.0,0.0,10000.0,,1.42,0.0,0.01
2022-10-11,38.113,38.113,38.113,38.113,0,0.0,0.0,0.0,0.0,0.0,,1.42,0.0,0.0
2022-10-12,38.113,38.113,38.113,38.113,0,0.0,0.0,0.0,0.0,0.0,,1.42,0.0,0.0
2022-10-13,38.113,38.113,38.113,38.113,0,0.0,0.0,0.0,0.0,0.0,,1.42,0.0,0.0
2022-10-14,38.113,38.113,38.113,38.113,0,0.0,0.0,0.0,0.0,0.0,,1.42,0.0,0.0
2022-10-17,38.113,38.113,38.113,38.113,0,0.0,0.0,0.0,0.0,0.0,,1.42,0.0,0.0
2022-10-18,38.113,38.113,38.113,38.113,0,0.0,0.0,0.0,0.0,0.0,,1.42,0.0,0.0
2022-10-19,38.113,38.113,38.113,38.113,0,0.0,0.0,7.0,0.0,0.0,,1.42,0.0,0.0
2022-10-20,38.113,38.113,38.113,38.113,0,0.0,0.0,0.0,0.0,0.0,,1.42,0.0,0.0
2022-10-21,38.113,38.113,38.113,38.113,0,0.0,0.0,0.0,0.0,0.0,,1.42,0.0,0.0
2022-10-24,38.113,38.113,38.113,38.113,0,0.0,0.0,0.0,0.0,0.0,,1.42,0.0,0.0
2022-10-25,38.113,38.113,38.113,38.113,0,0.0,0.0,0.0,0.0,0.0,,1.42,0.0,0.0
2022-10-26,38.113,38.113,38.113,38.113,0,0.0,0.0,0.0,0.0,0.0,,1.42,0.0,0.0
2022-10-27,38.113,38.113,38.113,38.113,0,0.0,0.0,0.0,0.0,0.0,,1.42,0.0,0.0
2022-10-28,38.113,38.113,38.113,38.113,0,0.0,0.0,0.0,0.0,0.0,,1.42,0.0,0.0
2022-10-31,38.113,38.113,38.113,38.113,0,0.0,0.0,0.0,0.0,0.0,,1.42,0.0,0.0
2022-11-01,38.113,38.113,38.113,38.113,0,0.0,0.0,0.0,0.0,0.0,,1.42,0.0,0.0
2022-11-02,38.113,38.113,38.113,38.113,0,0.0,0.0,0.0,0.0,0.0,,1.42,0.0,0.0
2022-11-03,38.113,38.113,38.113,38.113,0,0.0,0.0,0.0,0.0,0.0,,1.42,0.0,0.0
2022-11-04,38.113,38.113,38.113,38.113,0,0.0,0.0,0.0,0.0,0.0,,1.42,0.0,0.0
2022-11-07,38.113,38.113,38.113,38.113,0,0.0,0.0,0.0,0.0,0.0,,1.42,0.0,0.0
2022-11-08,38.113,38.113,38.113,38.113,0,0.0,0.0,0.0,0.0,0.0,,1.42,0.0,0.0
2022-11-09,38.113,38.113,38.113,38.113,0,0.0,0.0,0.0,0.0,0.0,,1.42,0.0,0.0
2022-11-10,38.113,38.113,38.113,38.113,0,0.0,0.0,0.0,0.0,0.0,,1.42,0.0,0.0
2022-11-11,38.113,38.113,38.113,38.113,0,0.0,0.0,0.0,0.0,0.0,,1.42,0.0,0.0
2022-11-14,38.113,38.113,38.113,38.113,0,0.0,0.0,0.0,0.0,0.0,,1.42,0.0,0.0
2022-11-15,38.113,38.113,38.113,38.113,0,0.0,0.0,0.0,0.0,0.0,,1.42,0.0,0.0
2022-11-16,38.113,38.113,38.113,38.113,0,0.0,0.0,0.0,0.0,0.0,,1.42,0.0,0.0
2022-11-17,38.113,38.113,38.113,38.113,0,0.0,0.0,0.0,0.0,0.0,,1.42,0.0,0.0
2022-11-18,38.113,38.113,38.113,38.113,0,0.0,0.0,0.0,0.0,0.0,,1.42,0.0,0.0
2022-11-21,38.113,38.113,38.113,38.113,0,0.0,0.0,0.0,0.0,0.0,,1.42,0.0,0.0
2022-11-22,38.113,38.113,38.113,38.113,0,0.0,0.0,0.0,0.0,0.0,,1.42,0.0,0.0
2022-11-23,38.113,38.113,38.113,38.113,0,0.0,0.0,0.0,0.0,0.0,,1.42,0.0,0.0
2022-11-24,38.113,38.113,38.113,38.113,0,0.0,0.0,0.0,0.0,0.0,,1.42,0.0,0.0
2022-11-25,40.083,40.083,40.083,40.083,100,4008.3,0.0,0.0,0.0,0.0,,1.42,0.0,0.0
2022-11-28,40.083,40.083,40.083,40.083,0,0.0,0.0,0.0,0.0,0.0,,1.42,0.0,0.0
2022-11-29,40.083,40.083,40.083,40.083,0,0.0,0.0,0.0,0.0,0.0,,1.42,0.0,0.0
2022-11-30,37.298,37.298,37.298,37.298,400,14919.2,0.0,300.0,0.0,30000.0,,1.42,0.0,0.03
2022-12-01,37.298,37.298,37.298,37.298,0,0.0,0.0,0.0,0.0,0.0,,1.42,0.0,0.0
2022-12-02,37.298,37.298,37.298,37.298,0,0.0,0.0,0.0,0.0,0.0,,1.42,0.0,0.0
2022-12-05,37.298,37.298,37.298,37.298,0,0.0,0.0,0.0,0.0,0.0,,1.42,0.0,0.0
2022-12-06,37.298,37.298,37.298,37.298,0,0.0,0.0,0.0,0.0,0.0,,1.42,0.0,0.0
2022-12-07,37.298,37.298,37.298,37.298,0,0.0,0.0,0.0,0.0,0.0,,1.42,0.0,0.0
2022-12-08,37.298,37.298,37.298,37.298,0,0.0,0.0,0.0,0.0,0.0,,1.42,0.0,0.0
2022-12-09,37.298,37.298,37.298,37.298,0,0.0,0.0,0.0,0.0,0.0,,1.42,0.0,0.0
2022-12-12,37.298,37.298,37.298,37.298,0,0.0,0.0,0.0,0.0,0.0,,1.42,0.0,0.0
2022-12-13,37.298,37.298,37.298,37.298,0,0.0,0.0,0.0,0.0,0.0,,1.42,0.0,0.0
2022-12-14,37.298,37.298,37.298,37.298,0,0.0,0.0,0.0,0.0,0.0,,1.42,0.0,0.0
2022-12-15,37.298,37.298,37.298,37.298,0,0.0,0.0,0.0,0.0,0.0,,1.42,0.0,0.0
2022-12-16,37.298,37.298,37.298,37.298,0,0.0,0.0,0.0,0.0,0.0,,1.42,0.0,0.0
2022-12-19,34.716,34.716,34.716,34.716,300,10414.8,0.0,0.0,0.0,0.0,,1.42,0.0,0.0
2022-12-20,32.304,32.304,32.304,32.304,200,6460.8,0.0,0.0,0.0,0.0,,1.42,0.0,0.0
2022-12-21,34.309,34.309,34.309,34.309,100,3430.9,0.0,0.0,0.0,0.0,,1.42,0.0,0.0
2022-12-22,36.686,36.686,36.686,36.686,700,25680.2,0.0,0.0,0.0,0.0,,1.42,0.0,0.0
2022-12-23,34.139,34.139,34.139,34.139,200,6827.8,0.0,200.0,0.0,20000.0,,1.42,0.0,0.02
2022-12-26,36.517,36.517,33.969,33.969,27500,934147.5,0.0,1900.0,0.0,190000.0,,1.42,0.0,0.19
2022-12-27,36.347,36.347,33.969,36.347,1800,65424.600000000006,300.0,0.0,30000.0,0.0,,1.42,0.03,0.0
2022-12-28,72.694,72.694,72.694,72.694,0,0.0,0.0,0.0,0.0,0.0,,1.42,0.0,0.0
2022-12-29,33.833,38.86,33.833,38.86,2200,85492.0,0.0,0.0,0.0,0.0,,1.42,0.0,0.0
2022-12-30,38.86,38.86,38.86,38.86,0,0.0,0.0,0.0,0.0,0.0,,1.42,0.0,0.0
2023-01-03,38.725,39.404,38.725,39.404,200,7880.800000000001,0.0,100.0,0.0,10000.0,,1.42,0.0,0.01
2023-01-04,42.121,42.121,42.121,42.121,500,21060.5,0.0,0.0,0.0,0.0,,1.42,0.0,0.0
2023-01-05,41.782,41.782,41.782,41.782,100,4178.2,0.0,100.0,0.0,10000.0,,1.42,0.0,0.01
2023-01-06,41.782,41.782,41.782,41.782,0,0.0,0.0,0.0,0.0,0.0,,1.42,0.0,0.0
2023-01-09,40.763,40.763,40.763,40.763,500,20381.5,0.0,0.0,0.0,0.0,,1.42,0.0,0.0
2023-01-10,39.404,40.423,39.404,40.423,500,20211.5,0.0,0.0,0.0,0.0,,1.42,0.0,0.0
2023-01-11,40.423,40.423,40.423,40.423,0,0.0,0.0,0.0,0.0,0.0,,1.42,0.0,0.0
2023-01-12,40.423,40.423,40.423,40.423,0,0.0,0.0,0.0,0.0,0.0,,1.42,0.0,0.0
2023-01-13,40.423,40.423,40.423,40.423,0,0.0,0.0,0.0,0.0,0.0,,1.42,0.0,0.0
2023-01-16,40.423,40.423,40.423,40.423,0,0.0,0.0,0.0,0.0,0.0,,1.42,0.0,0.0
2023-01-17,39.404,39.404,39.404,39.404,100,3940.400000000001,0.0,100.0,0.0,10000.0,,1.42,0.0,0.01
2023-01-18,37.638,37.638,37.57,37.638,1500,56457.0,0.0,1000.0,0.0,60000.0,,1.42,0.0,0.06
2023-01-19,36.686,36.686,36.686,36.686,1500,55029.0,0.0,1500.0,0.0,80000.0,,1.42,0.0,0.08
2023-01-27,35.124,35.328,34.173,35.328,4500,158976.0,0.0,1300.0,0.0,70000.0,,1.42,0.0,0.07
2023-01-30,34.241,34.241,34.241,34.241,1000,34241.0,0.0,1003.0,0.0,50000.0,,1.42,0.0,0.05
2023-01-31,34.241,34.241,34.241,34.241,0,0.0,0.0,0.0,0.0,0.0,,1.42,0.0,0.0
2023-02-01,34.377,36.551,34.377,36.551,3600,131583.6,0.0,3004.0,0.0,150000.0,,1.42,0.0,0.15
2023-02-02,36.551,38.725,36.483,38.589,2500,96472.5,300.0,0.0,20000.0,0.0,,1.42,0.02,0.0
2023-02-03,35.939,36.483,35.939,36.483,5700,207953.1,200.0,3500.0,10000.0,190000.0,,1.42,0.01,0.19
2023-02-06,35.939,36.007,35.939,36.007,800,28805.6,0.0,800.0,0.0,40000.0,,1.42,0.0,0.04
2023-02-07,34.037,34.037,34.037,34.037,100,3403.7,0.0,0.0,0.0,0.0,,1.42,0.0,0.0
2023-02-08,34.037,34.037,32.95,34.037,800,27229.6,0.0,700.0,0.0,40000.0,,1.42,0.0,0.04
2023-02-09,35.192,35.192,35.192,35.192,100,3519.2,0.0,0.0,0.0,0.0,,1.42,0.0,0.0
2023-02-10,33.969,33.969,32.882,32.882,400,13152.8,0.0,200.0,0.0,10000.0,,1.42,0.0,0.01
2023-02-13,31.048,32.95,31.048,32.95,1800,59310.00000000001,0.0,1300.0,0.0,60000.0,,1.42,0.0,0.06
2023-02-14,33.222,33.222,33.222,33.222,100,3322.2000000000003,0.0,0.0,0.0,0.0,,1.42,0.0,0.0
2023-02-15,34.58,34.58,32.61,33.154,500,16577.0,0.0,0.0,0.0,0.0,,1.42,0.0,0.0
2023-02-16,31.048,32.882,31.048,31.421,300,9426.3,0.0,0.0,0.0,0.0,,1.42,0.0,0.0
2023-02-17,30.572,30.572,29.281,30.504,3000,91512.0,100.0,500.0,0.0,20000.0,,1.42,0.0,0.02
2023-02-20,29.281,30.436,28.942,30.436,3500,106526.0,10.0,3000.0,0.0,130000.0,,1.42,0.0,0.13
2023-02-21,29.961,32.135,29.961,32.135,700,22494.5,0.0,0.0,0.0,0.0,,1.42,0.0,0.0
2023-02-22,30.029,30.063,29.995,29.995,1400,41993.0,0.0,4.0,0.0,0.0,,1.42,0.0,0.0
2023-02-23,29.893,29.893,29.553,29.553,5300,156630.9,100.0,2800.0,0.0,120000.0,,1.42,0.0,0.12
2023-02-24,29.553,29.553,29.553,29.553,0,0.0,0.0,0.0,0.0,0.0,,1.42,0.0,0.0
2023-02-27,29.553,29.553,29.553,29.553,200,5910.6,200.0,0.0,10000.0,0.0,,1.42,0.01,0.0
2023-02-28,29.553,29.553,29.553,29.553,0,0.0,0.0,0.0,0.0,0.0,,1.42,0.0,0.0
2023-03-01,31.183,31.183,31.183,31.183,100,3118.3,0.0,0.0,0.0,0.0,,1.42,0.0,0.0
2023-03-02,30.436,30.436,29.281,29.281,1200,35137.2,1000.0,0.0,40000.0,0.0,,1.42,0.04,0.0
2023-03-03,29.213,29.213,27.515,27.515,2000,55030.0,0.0,1000.0,0.0,40000.0,,1.42,0.0,0.04
2023-03-06,27.175,27.175,26.564,26.564,1700,45158.8,108.0,1500.0,0.0,60000.0,,1.42,0.0,0.06
2023-03-07,25.511,26.937,25.477,26.937,4200,113135.4,10.0,0.0,0.0,0.0,,1.42,0.0,0.0
2023-03-08,26.937,26.937,26.937,26.937,0,0.0,0.0,0.0,0.0,0.0,,1.42,0.0,0.0
2023-03-09,26.768,26.768,26.496,26.7,1700,45390.0,0.0,0.0,0.0,0.0,,1.42,0.0,0.0
2023-03-10,25.375,25.816,25.137,25.239,900,22715.1,0.0,0.0,0.0,0.0,,1.42,0.0,0.0
2023-03-13,24.254,26.36,24.254,26.156,500,13078.0,0.0,0.0,0.0,0.0,,1.42,0.0,0.0
2023-03-14,24.492,26.088,24.492,26.088,200,5217.6,0.0,0.0,0.0,0.0,,1.42,0.0,0.0
2023-03-15,25.477,26.088,25.477,26.088,300,7826.400000000001,100.0,0.0,0.0,0.0,,1.42,0.0,0.0
2023-03-16,26.088,26.088,26.088,26.088,0,0.0,0.0,0.0,0.0,0.0,,1.42,0.0,0.0
2023-03-17,25.782,25.782,25.782,25.782,100,2578.2,0.0,0.0,0.0,0.0,,1.42,0.0,0.0
2023-03-20,25.782,25.782,25.782,25.782,0,0.0,0.0,0.0,0.0,0.0,,1.42,0.0,0.0
2023-03-21,25.85,26.462,24.729,26.462,500,13231.0,3.0,100.0,0.0,0.0,,1.42,0.0,0.0
2023-03-22,27.719,27.719,26.156,27.413,600,16447.8,0.0,0.0,0.0,0.0,,1.42,0.0,0.0
2023-03-23,27.413,27.413,27.413,27.413,0,0.0,0.0,0.0,0.0,0.0,,1.42,0.0,0.0
2023-03-24,25.816,25.85,25.816,25.85,900,23265.0,0.0,0.0,0.0,0.0,,1.42,0.0,0.0
2023-03-27,24.899,24.899,24.899,24.899,100,2489.9,0.0,0.0,0.0,0.0,,1.42,0.0,0.0
2023-03-28,24.933,26.156,24.933,26.156,1200,31387.2,0.0,0.0,0.0,0.0,,1.42,0.0,0.0
2023-03-29,25.239,27.141,25.239,27.141,1000,27141.0,0.0,800.0,0.0,30000.0,,1.42,0.0,0.03
2023-03-30,25.273,25.477,25.273,25.307,2300,58206.1,0.0,0.0,0.0,0.0,,1.42,0.0,0.0
2023-03-31,25.307,25.613,25.307,25.613,300,7683.9,0.0,0.0,0.0,0.0,,1.42,0.0,0.0
2023-04-03,24.526,25.137,24.526,25.069,1100,27575.9,100.0,800.0,0.0,30000.0,,1.42,0.0,0.03
2023-04-04,24.458,26.224,24.458,26.156,4800,125548.8,0.0,3000.0,0.0,110000.0,,1.42,0.0,0.11
2023-04-05,25.137,25.137,24.661,25.137,2700,67869.9,0.0,1000.0,0.0,40000.0,,1.42,0.0,0.04
2023-04-06,24.661,26.428,24.661,26.258,700,18380.6,0.0,0.0,0.0,0.0,,1.42,0.0,0.0
2023-04-07,26.258,26.258,26.258,26.258,0,0.0,0.0,0.0,0.0,0.0,,1.42,0.0,0.0
2023-04-10,24.594,25.137,24.526,24.797,7400,183497.8,5900.0,3800.0,220000.0,140000.0,,1.42,0.22,0.14
2023-04-11,24.797,24.797,24.797,24.797,400,9918.8,400.0,0.0,10000.0,0.0,,1.42,0.01,0.0
2023-04-12,24.933,25.443,24.933,25.443,1100,27987.300000000003,100.0,1000.0,0.0,40000.0,,1.42,0.0,0.04
2023-04-13,25.409,25.409,24.695,25.409,1900,48277.1,1600.0,0.0,60000.0,0.0,,1.42,0.06,0.0
2023-04-14,25.137,25.137,25.137,25.137,200,5027.4,200.0,0.0,10000.0,0.0,,1.42,0.01,0.0
2023-04-17,25.681,25.681,25.477,25.613,1100,28174.3,0.0,3.0,0.0,0.0,,1.42,0.0,0.0
2023-04-18,25.613,25.613,25.137,25.137,200,5027.4,0.0,0.0,0.0,0.0,,1.42,0.0,0.0
2023-04-19,26.122,26.122,25.205,25.205,1800,45369.0,0.0,0.0,0.0,0.0,,1.42,0.0,0.0
2023-04-20,25.205,25.205,25.137,25.137,900,22623.3,900.0,0.0,30000.0,0.0,,1.42,0.03,0.0
2023-04-21,25.137,25.929,24.792,25.929,1200,31114.8,0.0,400.0,0.0,10000.0,,1.42,0.0,0.01
2023-04-24,24.861,24.861,24.448,24.448,800,19558.4,0.0,0.0,0.0,0.0,,1.42,0.0,0.0
2023-04-25,25.068,25.068,24.448,24.999,600,14999.4,0.0,0.0,0.0,0.0,,1.42,0.0,0.0
2023-04-26,24.999,24.999,24.482,24.482,900,22033.8,800.0,0.0,30000.0,0.0,,1.42,0.03,0.0
2023-04-27,24.482,24.482,24.482,24.482,0,0.0,0.0,0.0,0.0,0.0,,1.42,0.0,0.0
2023-04-28,24.345,24.345,24.345,24.345,100,2434.5,0.0,0.0,0.0,0.0,,1.42,0.0,0.0
2023-05-04,24.827,24.827,24.827,24.827,100,2482.7000000000003,0.0,0.0,0.0,0.0,,1.42,0.0,0.0
2023-05-05,24.482,24.482,24.448,24.448,400,9779.2,0.0,0.0,0.0,0.0,,1.42,0.0,0.0
2023-05-08,24.104,24.999,24.104,24.999,6400,159993.6,0.0,5000.0,0.0,180000.0,,1.42,0.0,0.18
2023-05-09,24.896,25.137,24.896,25.137,700,17595.9,0.0,0.0,0.0,0.0,,1.42,0.0,0.0
2023-05-10,25.137,25.137,25.137,25.137,200,5027.4,0.0,0.0,0.0,0.0,,1.42,0.0,0.0
2023-05-11,23.759,24.448,23.759,23.863,300,7158.9,0.0,0.0,0.0,0.0,,1.42,0.0,0.0
2023-05-12,23.828,23.863,23.828,23.863,800,19090.4,0.0,0.0,0.0,0.0,,1.42,0.0,0.0
2023-05-15,24.31,25.481,24.104,24.138,1100,26551.800000000003,500.0,0.0,20000.0,0.0,,1.42,0.02,0.0
2023-05-16,23.966,25.412,23.966,25.412,400,10164.8,0.0,0.0,0.0,0.0,,1.42,0.0,0.0
2023-05-17,25.412,25.412,25.343,25.343,1300,32945.9,0.0,0.0,0.0,0.0,,1.42,0.0,0.0
2023-05-18,25.343,25.343,25.343,25.343,0,0.0,0.0,0.0,0.0,0.0,,1.42,0.0,0.0
2023-05-19,25.137,25.343,25.137,25.343,200,5068.6,0.0,0.0,0.0,0.0,,1.42,0.0,0.0
2023-05-22,25.343,25.343,25.343,25.343,0,0.0,0.0,0.0,0.0,0.0,,1.42,0.0,0.0
2023-05-23,25.343,25.343,25.343,25.343,0,0.0,0.0,0.0,0.0,0.0,,1.42,0.0,0.0
2023-05-24,25.343,25.343,25.343,25.343,0,0.0,0.0,0.0,0.0,0.0,,1.42,0.0,0.0
2023-05-25,25.343,25.343,25.343,25.343,0,0.0,0.0,0.0,0.0,0.0,,1.42,0.0,0.0
2023-05-26,25.343,25.343,25.343,25.343,0,0.0,0.0,0.0,0.0,0.0,,1.42,0.0,0.0
2023-05-29,23.828,23.828,23.794,23.794,300,7138.2,0.0,0.0,0.0,0.0,,1.42,0.0,0.0
2023-05-30,25.447,25.447,25.447,25.447,200,5089.4,0.0,0.0,0.0,0.0,,1.42,0.0,0.0
2023-05-31,25.447,25.447,25.447,25.447,0,0.0,0.0,0.0,0.0,0.0,,1.42,0.0,0.0
2023-06-01,25.447,25.447,25.447,25.447,0,0.0,0.0,0.0,0.0,0.0,,1.42,0.0,0.0
2023-06-02,25.447,25.447,25.447,25.447,900,22902.3,0.0,0.0,0.0,0.0,,1.42,0.0,0.0
2023-06-05,23.828,27.203,23.828,27.203,2100,57126.3,0.0,100.0,0.0,0.0,,1.42,0.0,0.0
2023-06-06,28.546,29.097,28.546,29.028,1600,46444.8,0.0,331.0,0.0,10000.0,,1.42,0.0,0.01
2023-06-07,29.028,30.302,29.028,30.302,3900,118177.8,0.0,0.0,0.0,0.0,,1.42,0.0,0.0
2023-06-08,30.302,30.302,30.302,30.302,0,0.0,0.0,0.0,0.0,0.0,,1.42,0.0,0.0
2023-06-09,30.302,32.368,30.302,32.368,4500,145656.0,0.0,500.0,0.0,20000.0,,1.42,0.0,0.02
2023-06-12,32.333,32.368,32.333,32.368,1900,61499.2,0.0,200.0,0.0,10000.0,,1.42,0.0,0.01
2023-06-13,32.368,32.368,32.368,32.368,0,0.0,0.0,0.0,0.0,0.0,,1.42,0.0,0.0
2023-06-14,34.365,34.434,30.267,30.267,1000,30267.0,0.0,0.0,0.0,0.0,,1.42,0.0,0.0
2023-06-15,28.167,28.924,28.167,28.167,3900,109851.3,0.0,0.0,0.0,0.0,,1.42,0.0,0.0
2023-06-16,26.858,26.858,26.204,26.204,1300,34065.200000000004,0.0,0.0,0.0,0.0,,1.42,0.0,0.0
2023-06-19,24.792,25.137,24.379,24.414,2500,61035.00000000001,0.0,0.0,0.0,0.0,,1.42,0.0,0.0
2023-06-20,24.414,24.414,24.414,24.414,100,2441.4,0.0,0.0,0.0,0.0,,1.42,0.0,0.0
2023-06-21,25.756,25.756,25.756,25.756,100,2575.6,0.0,0.0,0.0,0.0,,1.42,0.0,0.0
2023-06-22,26.996,26.996,24.999,24.999,700,17499.3,0.0,0.0,0.0,0.0,,1.42,0.0,0.0
2023-06-23,24.999,26.101,24.173,24.173,1400,33842.2,0.0,0.0,0.0,0.0,,1.42,0.0,0.0
2023-06-26,24.448,25.274,24.448,25.274,300,7582.200000000001,0.0,0.0,0.0,0.0,,1.42,0.0,0.0
2023-06-27,24.965,24.965,24.965,24.965,600,14979.0,0.0,0.0,0.0,0.0,,1.42,0.0,0.0
2023-06-28,26.652,26.652,26.652,26.652,2000,53304.0,0.0,0.0,0.0,0.0,,1.42,0.0,0.0
2023-06-29,27.547,28.511,27.547,28.511,29700,846776.7,0.0,703.0,0.0,30000.0,,1.42,0.0,0.03
2023-06-30,28.511,28.511,28.511,28.511,3600,102639.6,0.0,0.0,0.0,0.0,,1.42,0.0,0.0
2023-07-03,30.474,30.474,30.474,30.474,4100,124943.4,0.0,0.0,0.0,0.0,,1.42,0.0,0.0
2023-07-04,28.58,30.99,28.58,30.99,300,9297.0,0.0,0.0,0.0,0.0,,1.42,0.0,0.0
2023-07-05,33.056,33.056,28.821,28.821,4100,118166.1,1100.0,0.0,50000.0,0.0,,1.42,0.05,0.0
2023-07-06,26.996,26.996,26.996,26.996,600,16197.6,0.0,0.0,0.0,0.0,,1.42,0.0,0.0
2023-07-07,25.653,26.17,25.137,25.137,10100,253883.7,0.0,0.0,0.0,0.0,,1.42,0.0,0.0
2023-07-10,25.137,25.137,24.999,24.999,19800,494980.2,300.0,0.0,10000.0,0.0,,1.42,0.01,0.0
2023-07-11,24.999,26.583,24.999,26.583,2500,66457.5,0.0,1000.0,0.0,40000.0,,1.42,0.0,0.04
2023-07-12,26.583,26.583,25.274,25.274,5100,128897.4,0.0,0.0,0.0,0.0,,1.42,0.0,0.0
2023-07-13,25.343,27.031,25.343,25.412,5000,127060.0,0.0,29.0,0.0,0.0,,1.42,0.0,0.0
2023-07-14,25.481,25.481,25.412,25.412,1200,30494.4,0.0,0.0,0.0,0.0,,1.42,0.0,0.0
2023-07-17,26.789,26.789,26.17,26.17,400,10468.0,100.0,0.0,0.0,0.0,,1.42,0.0,0.0
2023-07-18,25.412,25.55,25.412,25.412,2000,50824.0,0.0,0.0,0.0,0.0,,1.42,0.0,0.0
2023-07-19,25.412,25.894,25.412,25.86,600,15516.0,100.0,0.0,0.0,0.0,,1.42,0.0,0.0
2023-07-20,24.861,25.86,24.792,25.825,1100,28407.5,0.0,0.0,0.0,0.0,,1.42,0.0,0.0
2023-07-21,25.825,25.825,25.825,25.825,700,18077.5,0.0,0.0,0.0,0.0,,1.42,0.0,0.0
2023-07-24,24.896,25.825,24.861,25.825,1900,49067.5,0.0,880.0,0.0,30000.0,,1.42,0.0,0.03
2023-07-25,25.825,25.825,25.206,25.206,1500,37809.0,0.0,1100.0,0.0,40000.0,,1.42,0.0,0.04
2023-07-26,25.068,26.101,24.861,26.101,2600,67862.59999999999,800.0,0.0,30000.0,0.0,,1.42,0.03,0.0
2023-07-27,26.101,26.101,25.206,25.24,800,20192.0,0.0,0.0,0.0,0.0,,1.42,0.0,0.0
2023-07-28,25.24,25.343,25.24,25.24,900,22716.0,100.0,200.0,0.0,10000.0,,1.42,0.0,0.01
2023-07-31,25.24,25.756,25.24,25.756,10600,273013.6,2900.0,10300.0,110000.0,380000.0,,1.42,0.11,0.38
2023-08-01,25.412,25.481,25.137,25.206,2600,65535.6,0.0,900.0,0.0,30000.0,,1.42,0.0,0.03
2023-08-02,25.206,25.206,25.206,25.206,0,0.0,0.0,0.0,0.0,0.0,,1.42,0.0,0.0
2023-08-03,25.963,25.963,25.137,25.137,400,10054.8,18.0,0.0,0.0,0.0,,1.42,0.0,0.0
2023-08-04,25.137,26.617,25.137,25.825,2300,59397.5,0.0,0.0,0.0,0.0,,1.42,0.0,0.0
2023-08-07,25.756,25.756,25.274,25.274,1500,37911.0,600.0,0.0,20000.0,0.0,,1.42,0.02,0.0
2023-08-08,25.274,25.274,25.274,25.274,1700,42965.8,0.0,0.0,0.0,0.0,,1.42,0.0,0.0
2023-08-09,25.206,25.343,23.587,25.343,2500,63357.5,16.0,0.0,0.0,0.0,,1.42,0.0,0.0
2023-08-10,25.343,25.343,25.343,25.343,100,2534.3,0.0,0.0,0.0,0.0,,1.42,0.0,0.0
2023-08-11,25.343,25.343,24.31,24.31,1400,34034.0,0.0,0.0,0.0,0.0,,1.42,0.0,0.0
2023-08-14,25.791,25.998,25.756,25.998,4400,114391.2,0.0,100.0,0.0,0.0,,1.42,0.0,0.0
2023-08-15,27.685,27.788,27.547,27.754,6900,191502.6,100.0,300.0,0.0,10000.0,,1.42,0.0,0.01
2023-08-16,28.236,28.236,25.825,25.963,3900,101255.7,100.0,100.0,0.0,0.0,,1.42,0.0,0.0
2023-08-17,27.34,27.34,24.861,26.824,4000,107296.0,300.0,0.0,10000.0,0.0,,1.42,0.01,0.0
2023-08-18,25.206,25.24,25.206,25.206,1000,25206.0,0.0,0.0,0.0,0.0,,1.42,0.0,0.0
2023-08-21,24.104,24.517,24.104,24.517,1100,26968.7,0.0,0.0,0.0,0.0,,1.42,0.0,0.0
2023-08-22,24.138,24.241,24.138,24.241,200,4848.2,0.0,0.0,0.0,0.0,,1.42,0.0,0.0
2023-08-23,24.207,25.137,24.104,25.137,600,15082.2,0.0,0.0,0.0,0.0,,1.42,0.0,0.0
2023-08-24,25.068,25.137,24.999,25.137,800,20109.6,500.0,0.0,20000.0,0.0,,1.42,0.02,0.0
2023-08-25,24.104,24.104,24.104,24.104,1000,24104.0,0.0,0.0,0.0,0.0,,1.42,0.0,0.0
2023-08-28,24.965,24.965,24.035,24.035,600,14421.0,300.0,0.0,10000.0,0.0,,1.42,0.01,0.0
2023-08-29,23.966,24.827,23.966,24.827,700,17378.9,0.0,0.0,0.0,0.0,,1.42,0.0,0.0
2023-08-30,26.032,26.032,24.241,24.896,500,12448.0,0.0,0.0,0.0,0.0,,1.42,0.0,0.0
2023-08-31,24.896,25.033,24.896,25.033,600,15019.8,0.0,0.0,0.0,0.0,,1.42,0.0,0.0
2023-09-05,24.345,24.345,24.345,24.345,100,2434.5,0.0,0.0,0.0,0.0,,1.42,0.0,0.0
2023-09-06,24.965,24.965,24.965,24.965,100,2496.5,0.0,0.0,0.0,0.0,,1.42,0.0,0.0
2023-09-07,25.171,25.171,24.792,24.792,1900,47104.8,200.0,0.0,10000.0,0.0,,1.42,0.01,0.0
2023-09-08,25.137,25.137,25.137,25.137,100,2513.7,0.0,0.0,0.0,0.0,,1.42,0.0,0.0
2023-09-11,24.655,24.655,24.655,24.655,1100,27120.5,0.0,0.0,0.0,0.0,,1.42,0.0,0.0
2023-09-12,26.376,26.376,26.17,26.17,200,5234.0,0.0,0.0,0.0,0.0,,1.42,0.0,0.0
2023-09-13,26.17,26.17,26.17,26.17,0,0.0,0.0,0.0,0.0,0.0,,1.42,0.0,0.0
2023-09-14,26.17,26.17,26.17,26.17,0,0.0,0.0,0.0,0.0,0.0,,1.42,0.0,0.0
2023-09-15,26.17,26.17,26.17,26.17,0,0.0,0.0,0.0,0.0,0.0,,1.42,0.0,0.0
2023-09-18,26.17,26.17,26.17,26.17,0,0.0,0.0,0.0,0.0,0.0,,1.42,0.0,0.0
2023-09-19,24.517,24.517,24.517,24.517,500,12258.5,0.0,0.0,0.0,0.0,,1.42,0.0,0.0
2023-09-20,23.966,23.966,23.931,23.966,300,7189.8,0.0,0.0,0.0,0.0,,1.42,0.0,0.0
2023-09-21,24.173,24.173,24.173,24.173,100,2417.3,0.0,0.0,0.0,0.0,,1.42,0.0,0.0
2023-09-22,24.173,24.173,24.173,24.173,100,2417.3,100.0,0.0,0.0,0.0,,1.42,0.0,0.0
2023-09-25,23.518,23.587,23.14,23.415,800,18732.0,0.0,0.0,0.0,0.0,,1.42,0.0,0.0
2023-09-26,24.379,24.448,24.379,24.448,400,9779.2,0.0,0.0,0.0,0.0,,1.42,0.0,0.0
2023-09-27,24.448,24.448,24.448,24.448,0,0.0,0.0,0.0,0.0,0.0,,1.42,0.0,0.0
2023-09-28,24.379,24.448,24.379,24.448,200,4889.6,0.0,0.0,0.0,0.0,,1.42,0.0,0.0
2023-09-29,24.104,24.104,24.104,24.104,300,7231.2,0.0,0.0,0.0,0.0,,1.42,0.0,0.0
2023-10-02,23.966,23.966,22.864,22.864,600,13718.4,0.0,0.0,0.0,0.0,,1.42,0.0,0.0
2023-10-03,24.414,24.414,23.14,23.14,400,9256.0,0.0,0.0,0.0,0.0,,1.42,0.0,0.0
2023-10-04,24.035,24.035,24.035,24.035,100,2403.5,0.0,0.0,0.0,0.0,,1.42,0.0,0.0
2023-10-05,24.035,24.035,24.035,24.035,100,2403.5,0.0,0.0,0.0,0.0,,1.42,0.0,0.0
2023-10-06,24.035,24.035,24.035,24.035,0,0.0,0.0,0.0,0.0,0.0,,1.42,0.0,0.0
2023-10-09,24.035,24.035,24.035,24.035,100,2403.5,0.0,0.0,0.0,0.0,,1.42,0.0,0.0
2023-10-10,24.035,24.035,24.035,24.035,0,0.0,0.0,0.0,0.0,0.0,,1.42,0.0,0.0
2023-10-11,25.412,25.447,25.412,25.447,500,12723.5,0.0,0.0,0.0,0.0,,1.42,0.0,0.0
2023-10-12,23.725,23.725,23.725,23.725,100,2372.5,0.0,0.0,0.0,0.0,,1.42,0.0,0.0
2023-10-13,23.725,23.725,23.725,23.725,0,0.0,0.0,0.0,0.0,0.0,,1.42,0.0,0.0
2023-10-16,23.725,23.725,23.725,23.725,0,0.0,0.0,0.0,0.0,0.0,,1.42,0.0,0.0
2023-10-17,23.725,23.725,23.725,23.725,0,0.0,0.0,0.0,0.0,0.0,,1.42,0.0,0.0
2023-10-18,23.725,23.725,23.725,23.725,0,0.0,0.0,0.0,0.0,0.0,,1.42,0.0,0.0
2023-10-19,23.725,23.725,23.725,23.725,0,0.0,0.0,0.0,0.0,0.0,,1.42,0.0,0.0
2023-10-20,23.725,23.725,23.725,23.725,0,0.0,0.0,0.0,0.0,0.0,,1.42,0.0,0.0
2023-10-23,23.725,23.725,23.725,23.725,0,0.0,0.0,0.0,0.0,0.0,,1.42,0.0,0.0
2023-10-24,23.725,23.725,23.725,23.725,0,0.0,0.0,0.0,0.0,0.0,,1.42,0.0,0.0
2023-10-25,23.725,23.725,23.725,23.725,0,0.0,0.0,0.0,0.0,0.0,,1.42,0.0,0.0
2023-10-26,23.725,23.725,23.725,23.725,0,0.0,0.0,0.0,0.0,0.0,,1.42,0.0,0.0
2023-10-27,22.21,23.69,22.21,23.69,1200,28428.0,0.0,300.0,0.0,10000.0,,1.42,0.0,0.01
2023-10-30,23.69,23.69,23.69,23.69,0,0.0,0.0,0.0,0.0,0.0,,1.42,0.0,0.0
2023-10-31,23.69,23.69,23.69,23.69,0,0.0,0.0,0.0,0.0,0.0,,1.42,0.0,0.0
2023-11-01,23.69,23.69,23.69,23.69,0,0.0,0.0,0.0,0.0,0.0,,1.42,0.0,0.0
2023-11-02,22.175,23.622,22.175,23.415,2100,49171.5,1800.0,600.0,60000.0,20000.0,,1.42,0.06,0.02
2023-11-03,23.415,23.415,23.415,23.415,0,0.0,0.0,0.0,0.0,0.0,,1.42,0.0,0.0
2023-11-06,23.415,23.415,23.415,23.415,0,0.0,0.0,0.0,0.0,0.0,,1.42,0.0,0.0
2023-11-07,23.415,23.415,23.415,23.415,0,0.0,0.0,0.0,0.0,0.0,,1.42,0.0,0.0
2023-11-08,22.141,22.141,22.141,22.141,400,8856.4,0.0,0.0,0.0,0.0,,1.42,0.0,0.0
2023-11-09,23.69,23.69,23.69,23.69,100,2369.0,0.0,0.0,0.0,0.0,,1.42,0.0,0.0
2023-11-10,22.279,22.279,22.279,22.279,100,2227.9,0.0,0.0,0.0,0.0,,1.42,0.0,0.0
2023-11-13,22.279,22.279,22.279,22.279,0,0.0,0.0,0.0,0.0,0.0,,1.42,0.0,0.0
2023-11-14,22.279,22.279,22.279,22.279,0,0.0,0.0,0.0,0.0,0.0,,1.42,0.0,0.0
2023-11-15,22.726,23.759,22.038,23.759,1700,40390.3,300.0,1300.0,10000.0,40000.0,,1.42,0.01,0.04
2023-11-16,25.309,25.309,22.21,25.068,400,10027.2,0.0,0.0,0.0,0.0,,1.42,0.0,0.0
2023-11-17,23.346,23.381,23.346,23.346,1500,35019.0,200.0,0.0,10000.0,0.0,,1.42,0.01,0.0
2023-11-20,23.346,24.792,22.175,24.792,339800,8424321.6,0.0,0.0,0.0,0.0,,1.42,0.0,0.0
2023-11-21,24.792,24.792,24.792,24.792,0,0.0,0.0,0.0,0.0,0.0,,1.42,0.0,0.0
2023-11-22,23.174,23.174,23.174,23.174,100,2317.4,0.0,0.0,0.0,0.0,,1.42,0.0,0.0
2023-11-23,22.072,23.759,22.072,22.451,400,8980.4,0.0,100.0,0.0,0.0,,1.42,0.0,0.0
2023-11-24,22.451,22.451,21.728,21.728,900,19555.2,0.0,400.0,0.0,10000.0,,1.42,0.0,0.01
2023-11-27,21.728,23.002,20.213,23.002,20000,460040.0,0.0,19234.0,0.0,570000.0,,1.42,0.0,0.57
2023-11-28,21.418,22.864,21.418,22.726,176400,4008866.4,2500.0,8800.0,80000.0,280000.0,,1.42,0.08,0.28
2023-11-29,21.177,21.177,21.142,21.142,6000,126852.0,0.0,5600.0,0.0,170000.0,,1.42,0.0,0.17
2023-11-30,20.695,20.695,19.696,19.696,28400,559366.4,600.0,20500.0,20000.0,590000.0,,1.42,0.02,0.59
2023-12-01,19.696,20.385,19.696,19.696,2300,45300.8,0.0,26.0,0.0,0.0,,1.42,0.0,0.0
2023-12-04,19.696,20.454,19.696,20.419,13900,283824.10000000003,0.0,100.0,0.0,0.0,,1.42,0.0,0.0
2023-12-05,20.419,20.488,20.419,20.419,3700,75550.3,0.0,0.0,0.0,0.0,,1.42,0.0,0.0
2023-12-06,19.972,20.454,19.972,20.454,4100,83861.40000000001,0.0,0.0,0.0,0.0,,1.42,0.0,0.0
2023-12-07,19.972,20.419,19.076,20.419,4400,89843.6,0.0,0.0,0.0,0.0,,1.42,0.0,0.0
2023-12-08,19.834,20.385,19.834,20.385,1400,28539.000000000004,0.0,0.0,0.0,0.0,,1.42,0.0,0.0
2023-12-11,19.972,20.385,19.972,20.385,4600,93771.0,0.0,0.0,0.0,0.0,,1.42,0.0,0.0
2023-12-12,20.316,20.316,20.316,20.316,200,4063.2,0.0,0.0,0.0,0.0,,1.42,0.0,0.0
2023-12-13,20.006,20.006,19.765,19.765,1600,31624.0,0.0,0.0,0.0,0.0,,1.42,0.0,0.0
2023-12-14,20.178,20.178,20.109,20.109,1400,28152.6,0.0,200.0,0.0,10000.0,,1.42,0.0,0.01
2023-12-15,20.109,20.109,20.109,20.109,0,0.0,0.0,0.0,0.0,0.0,,1.42,0.0,0.0
2023-12-18,19.972,20.109,19.696,19.696,900,17726.4,0.0,0.0,0.0,0.0,,1.42,0.0,0.0
2023-12-19,18.973,19.042,18.973,19.042,1400,26658.800000000003,0.0,0.0,0.0,0.0,,1.42,0.0,0.0
2023-12-20,19.765,19.937,18.939,18.939,3300,62498.7,0.0,3000.0,0.0,80000.0,,1.42,0.0,0.08
2023-12-21,19.421,19.868,19.421,19.868,1100,21854.8,0.0,0.0,0.0,0.0,,1.42,0.0,0.0
2023-12-22,19.903,20.626,19.903,20.626,2300,47439.8,0.0,0.0,0.0,0.0,,1.42,0.0,0.0
2023-12-25,20.591,21.005,19.558,19.558,4100,80187.8,0.0,3000.0,0.0,90000.0,,1.42,0.0,0.09
2023-12-26,20.454,20.454,20.454,20.454,600,12272.4,0.0,0.0,0.0,0.0,,1.42,0.0,0.0
2023-12-27,19.972,20.35,19.972,20.282,1400,28394.8,600.0,0.0,20000.0,0.0,,1.42,0.02,0.0
2023-12-28,20.282,20.282,20.282,20.282,0,0.0,0.0,0.0,0.0,0.0,,1.42,0.0,0.0
2023-12-29,20.282,20.282,20.282,20.282,0,0.0,0.0,0.0,0.0,0.0,,1.42,0.0,0.0
2024-01-02,20.282,20.282,20.282,20.282,0,0.0,0.0,0.0,0.0,0.0,,1.42,0.0,0.0
2024-01-03,20.247,20.247,20.247,20.247,1600,32395.2,0.0,0.0,0.0,0.0,,1.42,0.0,0.0
2024-01-04,20.247,20.247,20.247,20.247,0,0.0,0.0,0.0,0.0,0.0,,1.42,0.0,0.0
2024-01-05,19.421,19.421,19.421,19.421,200,3884.2,0.0,0.0,0.0,0.0,,1.42,0.0,0.0
2024-01-08,19.421,19.421,19.421,19.421,300,5826.3,0.0,0.0,0.0,0.0,,1.42,0.0,0.0
2024-01-09,19.455,20.35,19.455,20.35,3600,73260.0,0.0,66.0,0.0,0.0,,1.42,0.0,0.0
2024-01-10,20.178,20.178,20.178,20.178,100,2017.8,0.0,0.0,0.0,0.0,,1.42,0.0,0.0
2024-01-11,20.178,20.178,20.178,20.178,0,0.0,0.0,0.0,0.0,0.0,,1.42,0.0,0.0
2024-01-12,18.766,20.66,18.766,20.66,12200,252052.0,100.0,9200.0,0.0,250000.0,,1.42,0.0,0.25
2024-01-15,19.283,19.627,19.214,19.214,3300,63406.2,0.0,0.0,0.0,0.0,,1.42,0.0,0.0
2024-01-16,19.524,19.524,19.49,19.49,3000,58469.99999999999,0.0,0.0,0.0,0.0,,1.42,0.0,0.0
2024-01-17,19.49,19.49,19.49,19.49,0,0.0,0.0,0.0,0.0,0.0,,1.42,0.0,0.0
2024-01-18,18.801,19.455,18.594,19.421,6900,134004.9,0.0,0.0,0.0,0.0,,1.42,0.0,0.0
2024-01-19,19.421,19.421,19.421,19.421,0,0.0,0.0,0.0,0.0,0.0,,1.42,0.0,0.0
2024-01-22,19.283,19.903,18.698,19.903,8000,159224.0,100.0,400.0,0.0,10000.0,,1.42,0.0,0.01
2024-01-23,19.421,19.421,19.421,19.421,400,7768.4,0.0,400.0,0.0,10000.0,,1.42,0.0,0.01
2024-01-24,19.765,19.765,19.765,19.765,500,9882.5,0.0,0.0,0.0,0.0,,1.42,0.0,0.0
2024-01-25,19.627,19.627,19.627,19.627,1000,19627.0,0.0,0.0,0.0,0.0,,1.42,0.0,0.0
2024-01-26,19.627,19.627,19.627,19.627,0,0.0,0.0,0.0,0.0,0.0,,1.42,0.0,0.0
2024-01-29,19.627,19.627,19.627,19.627,0,0.0,0.0,0.0,0.0,0.0,,1.42,0.0,0.0
2024-01-30,18.835,19.627,18.835,19.627,600,11776.2,0.0,300.0,0.0,10000.0,,1.42,0.0,0.01
2024-01-31,19.627,19.627,19.627,19.627,0,0.0,0.0,0.0,0.0,0.0,,1.42,0.0,0.0
2024-02-01,19.627,19.627,19.627,19.627,0,0.0,0.0,0.0,0.0,0.0,,1.42,0.0,0.0
2024-02-02,19.627,19.627,19.627,19.627,0,0.0,0.0,0.0,0.0,0.0,,1.42,0.0,0.0
2024-02-05,19.214,19.627,19.214,19.627,600,11776.2,100.0,100.0,0.0,0.0,,1.42,0.0,0.0
2024-02-06,19.593,19.593,19.593,19.593,100,1959.3,0.0,0.0,0.0,0.0,,1.42,0.0,0.0
2024-02-07,19.903,19.903,19.903,19.903,100,1990.3,0.0,0.0,0.0,0.0,,1.42,0.0,0.0
2024-02-15,19.799,19.868,19.799,19.868,2100,41722.8,1500.0,0.0,40000.0,0.0,,1.42,0.04,0.0
2024-02-16,19.868,19.868,19.799,19.799,600,11879.4,0.0,0.0,0.0,0.0,,1.42,0.0,0.0
2024-02-19,19.765,19.868,19.696,19.696,2300,45300.8,200.0,900.0,10000.0,30000.0,,1.42,0.01,0.03
2024-02-20,19.696,19.972,19.696,19.903,1600,31844.8,100.0,100.0,0.0,0.0,,1.42,0.0,0.0
2024-02-21,20.113,20.113,20.113,20.113,100,2011.3,0.0,0.0,0.0,0.0,,1.42,0.0,0.0
2024-02-22,20.288,20.288,20.288,20.288,100,2028.8,0.0,0.0,0.0,0.0,,1.42,0.0,0.0
2024-02-23,20.218,20.218,19.517,20.148,1800,36266.4,0.0,100.0,0.0,0.0,,1.42,0.0,0.0
2024-02-26,20.113,20.113,20.078,20.078,500,10039.0,0.0,100.0,0.0,0.0,,1.42,0.0,0.0
2024-02-27,20.078,20.078,20.043,20.043,700,14030.1,0.0,0.0,0.0,0.0,,1.42,0.0,0.0
2024-02-28,19.272,20.043,19.237,20.043,900,18038.7,100.0,100.0,0.0,0.0,,1.42,0.0,0.0
2024-02-29,19.622,19.973,19.622,19.973,2200,43940.6,400.0,0.0,10000.0,0.0,,1.42,0.01,0.0
2024-03-01,19.973,19.973,19.973,19.973,200,3994.6,0.0,0.0,0.0,0.0,,1.42,0.0,0.0
2024-03-04,19.973,19.973,19.973,19.973,0,0.0,0.0,0.0,0.0,0.0,,1.42,0.0,0.0
2024-03-05,19.973,19.973,19.973,19.973,0,0.0,0.0,0.0,0.0,0.0,,1.42,0.0,0.0
2024-03-06,20.709,20.709,19.973,19.973,200,3994.6,0.0,0.0,0.0,0.0,,1.42,0.0,0.0
2024-03-07,19.938,19.938,19.622,19.622,800,15697.6,0.0,0.0,0.0,0.0,,1.42,0.0,0.0
2024-03-08,19.622,19.622,19.622,19.622,800,15697.6,0.0,800.0,0.0,20000.0,,1.42,0.0,0.02
2024-03-11,19.973,19.973,19.973,19.973,500,9986.5,0.0,0.0,0.0,0.0,,1.42,0.0,0.0
2024-03-12,19.903,19.903,19.903,19.903,100,1990.3,0.0,0.0,0.0,0.0,,1.42,0.0,0.0
2024-03-13,19.833,19.833,19.132,19.622,500,9811.0,0.0,0.0,0.0,0.0,,1.42,0.0,0.0
2024-03-14,19.622,19.763,19.272,19.763,2300,45454.9,0.0,0.0,0.0,0.0,,1.42,0.0,0.0
2024-03-15,19.622,19.763,19.307,19.307,2200,42475.4,0.0,0.0,0.0,0.0,,1.42,0.0,0.0
2024-03-18,19.342,19.833,19.342,19.833,1000,19833.0,0.0,0.0,0.0,0.0,,1.42,0.0,0.0
2024-03-19,19.938,19.938,19.938,19.938,600,11962.8,0.0,0.0,0.0,0.0,,1.42,0.0,0.0
2024-03-20,19.938,19.938,19.938,19.938,200,3987.6,0.0,0.0,0.0,0.0,,1.42,0.0,0.0
2024-03-21,19.027,19.868,19.027,19.868,1000,19868.0,0.0,812.0,0.0,20000.0,,1.42,0.0,0.02
2024-03-22,19.833,19.833,19.763,19.833,1000,19833.0,0.0,0.0,0.0,0.0,,1.42,0.0,0.0
2024-03-25,19.798,19.833,19.552,19.552,2000,39104.0,0.0,800.0,0.0,20000.0,,1.42,0.0,0.02
2024-03-26,19.272,19.342,19.272,19.342,200,3868.4,0.0,0.0,0.0,0.0,,1.42,0.0,0.0
2024-03-27,19.342,19.763,19.342,19.763,1100,21739.300000000003,0.0,0.0,0.0,0.0,,1.42,0.0,0.0
2024-03-28,19.763,19.763,19.763,19.763,400,7905.200000000001,0.0,200.0,0.0,10000.0,,1.42,0.0,0.01
2024-03-29,19.763,19.973,19.342,19.938,3500,69783.0,3100.0,1060.0,90000.0,30000.0,,1.42,0.09,0.03
2024-04-01,19.202,19.833,19.202,19.833,300,5949.9,0.0,100.0,0.0,0.0,,1.42,0.0,0.0
2024-04-02,19.833,19.833,19.833,19.833,1100,21816.3,1100.0,1000.0,30000.0,30000.0,,1.42,0.03,0.03
2024-04-03,19.833,19.833,19.763,19.763,2800,55336.4,1900.0,1000.0,50000.0,30000.0,,1.42,0.05,0.03
2024-04-04,19.763,19.763,19.763,19.763,600,11857.8,0.0,0.0,0.0,0.0,,1.42,0.0,0.0
2024-04-05,19.763,19.763,19.342,19.342,600,11605.2,0.0,0.0,0.0,0.0,,1.42,0.0,0.0
2024-04-08,19.342,19.342,19.342,19.342,0,0.0,0.0,0.0,0.0,0.0,,1.42,0.0,0.0
2024-04-09,19.167,19.167,19.167,19.167,100,1916.7000000000005,0.0,0.0,0.0,0.0,,1.42,0.0,0.0
2024-04-10,19.167,19.167,19.027,19.027,1100,20929.7,0.0,1000.0,0.0,30000.0,,1.42,0.0,0.03
2024-04-11,19.027,19.027,19.027,19.027,1100,20929.7,0.0,1000.0,0.0,30000.0,,1.42,0.0,0.03
2024-04-12,19.027,20.288,19.027,20.288,2200,44633.6,0.0,1000.0,0.0,30000.0,,1.42,0.0,0.03
2024-04-15,19.167,19.167,18.887,18.887,4400,83102.8,0.0,0.0,0.0,0.0,,1.42,0.0,0.0
2024-04-16,18.922,18.922,18.466,18.466,2300,42471.8,1000.0,1000.0,30000.0,30000.0,,1.42,0.03,0.03
2024-04-17,18.676,19.237,18.676,19.237,1100,21160.7,1000.0,1000.0,30000.0,30000.0,,1.42,0.03,0.03
2024-04-19,19.237,19.237,19.237,19.237,0,0.0,0.0,0.0,0.0,0.0,,1.42,0.0,0.0
2024-04-22,19.062,19.062,18.711,18.711,700,13097.7,0.0,100.0,0.0,0.0,,1.42,0.0,0.0
2024-04-23,18.711,18.711,18.221,18.221,4800,87460.8,0.0,400.0,0.0,10000.0,,1.42,0.0,0.01
2024-04-24,18.256,18.501,18.221,18.221,2300,41908.3,200.0,1000.0,10000.0,30000.0,,1.42,0.01,0.03
2024-04-25,18.221,19.377,18.151,18.151,1600,29041.6,0.0,1000.0,0.0,30000.0,,1.42,0.0,0.03
2024-04-26,18.011,18.011,18.011,18.011,700,12607.7,0.0,0.0,0.0,0.0,,1.42,0.0,0.0
2024-05-02,19.167,19.167,18.011,18.711,800,14968.8,0.0,0.0,0.0,0.0,,1.42,0.0,0.0
2024-05-03,19.237,19.237,17.87,18.606,500,9303.0,0.0,0.0,0.0,0.0,,1.42,0.0,0.0
2024-05-06,17.8,17.94,17.8,17.94,12800,229632.00000000003,0.0,0.0,0.0,0.0,,1.42,0.0,0.0
2024-05-07,18.011,18.676,18.011,18.046,2400,43310.4,0.0,0.0,0.0,0.0,,1.42,0.0,0.0
2024-05-08,18.046,18.046,18.046,18.046,0,0.0,0.0,0.0,0.0,0.0,,1.42,0.0,0.0
2024-05-09,17.695,17.695,17.695,17.695,400,7078.0,0.0,0.0,0.0,0.0,,1.42,0.0,0.0
2024-05-10,17.695,18.816,17.695,17.695,1300,23003.5,0.0,1000.0,0.0,30000.0,,1.42,0.0,0.03
2024-05-13,17.695,18.186,17.695,17.695,3800,67241.0,0.0,1500.0,0.0,40000.0,,1.42,0.0,0.04
2024-05-14,17.555,17.555,17.24,17.24,600,10343.999999999998,0.0,0.0,0.0,0.0,,1.42,0.0,0.0
2024-05-15,17.31,18.081,17.31,17.73,8800,156024.0,4000.0,0.0,100000.0,0.0,,1.42,0.1,0.0
2024-05-16,17.94,17.94,17.695,17.695,200,3539.0,200.0,0.0,10000.0,0.0,,1.42,0.01,0.0
2024-05-17,18.081,18.081,17.87,17.87,5400,96498.0,5000.0,0.0,130000.0,0.0,,1.42,0.13,0.0
2024-05-20,17.87,17.87,17.87,17.87,1500,26805.0,1000.0,0.0,30000.0,0.0,,1.42,0.03,0.0
2024-05-21,17.87,17.87,17.87,17.87,100,1787.0,0.0,0.0,0.0,0.0,,1.42,0.0,0.0
2024-05-22,17.87,17.87,17.87,17.87,0,0.0,0.0,0.0,0.0,0.0,,1.42,0.0,0.0
2024-05-23,17.94,17.94,17.94,17.94,200,3588.0000000000005,100.0,0.0,0.0,0.0,,1.42,0.0,0.0
2024-05-24,17.695,18.116,17.695,18.011,2100,37823.1,1900.0,0.0,50000.0,0.0,,1.42,0.05,0.0
2024-05-27,18.011,18.011,17.87,17.87,1100,19657.0,1100.0,0.0,30000.0,0.0,,1.42,0.03,0.0
2024-05-28,17.87,17.87,17.87,17.87,1000,17870.0,1000.0,0.0,30000.0,0.0,,1.42,0.03,0.0
2024-05-29,17.8,18.852,17.24,18.852,3700,69752.4,1100.0,5.0,30000.0,0.0,,1.42,0.03,0.0
2024-05-30,18.221,18.641,18.151,18.151,700,12705.7,100.0,0.0,0.0,0.0,,1.42,0.0,0.0
2024-05-31,18.151,18.151,18.116,18.116,300,5434.8,100.0,1.0,0.0,0.0,,1.42,0.0,0.0
2024-06-03,18.221,18.221,18.011,18.081,4900,88596.9,2200.0,0.0,60000.0,0.0,,1.42,0.06,0.0
2024-06-04,18.011,18.081,17.94,17.94,6100,109434.0,1000.0,0.0,30000.0,0.0,,1.42,0.03,0.0
2024-06-05,17.94,17.94,17.94,17.94,0,0.0,0.0,0.0,0.0,0.0,,1.42,0.0,0.0
2024-06-06,18.326,18.326,18.326,18.326,200,3665.2,0.0,0.0,0.0,0.0,,1.42,0.0,0.0
2024-06-07,18.221,18.571,18.221,18.571,2500,46427.50000000001,0.0,0.0,0.0,0.0,,1.42,0.0,0.0
2024-06-10,18.571,18.571,18.571,18.571,1800,33427.8,0.0,0.0,0.0,0.0,,1.42,0.0,0.0
2024-06-11,18.291,18.326,18.291,18.326,200,3665.2,0.0,0.0,0.0,0.0,,1.42,0.0,0.0
2024-06-12,18.326,18.326,18.326,18.326,0,0.0,0.0,0.0,0.0,0.0,,1.42,0.0,0.0
2024-06-13,18.326,18.431,18.326,18.431,1800,33175.8,200.0,0.0,10000.0,0.0,,1.42,0.01,0.0
2024-06-14,18.501,18.501,18.501,18.501,100,1850.1,100.0,100.0,0.0,0.0,,1.42,0.0,0.0
2024-06-17,18.571,18.641,18.571,18.641,3200,59651.2,200.0,0.0,10000.0,0.0,,1.42,0.01,0.0
2024-06-18,18.571,18.571,18.571,18.571,2300,42713.3,200.0,0.0,10000.0,0.0,,1.42,0.01,0.0
2024-06-19,18.571,18.571,18.221,18.256,1900,34686.4,0.0,0.0,0.0,0.0,,1.42,0.0,0.0
2024-06-20,18.922,19.377,18.291,19.377,2700,52317.9,100.0,200.0,0.0,10000.0,,1.42,0.0,0.01
2024-06-21,18.361,20.253,18.361,20.253,3100,62784.3,100.0,0.0,0.0,0.0,,1.42,0.0,0.0
2024-06-24,18.957,20.253,18.957,20.253,2900,58733.7,0.0,100.0,0.0,0.0,,1.42,0.0,0.0
2024-06-25,19.202,21.515,19.132,21.515,3100,66696.5,0.0,0.0,0.0,0.0,,1.42,0.0,0.0
2024-06-26,20.989,22.916,20.989,22.916,9500,217702.0,0.0,300.0,0.0,10000.0,,1.42,0.0,0.01
2024-06-27,21.725,24.178,21.725,24.178,8100,195841.8,100.0,300.0,0.0,10000.0,,1.42,0.0,0.01
2024-06-28,24.178,24.178,24.178,24.178,0,0.0,0.0,0.0,0.0,0.0,,1.42,0.0,0.0
2024-07-01,22.496,22.496,22.496,22.496,300,6748.799999999999,0.0,0.0,0.0,0.0,,1.42,0.0,0.0
2024-07-02,22.496,22.496,22.496,22.496,0,0.0,0.0,0.0,0.0,0.0,,1.42,0.0,0.0
2024-07-03,20.989,22.461,20.954,20.954,1000,20954.0,0.0,0.0,0.0,0.0,,1.42,0.0,0.0
2024-07-04,20.323,20.323,20.323,20.323,500,10161.5,0.0,0.0,0.0,0.0,,1.42,0.0,0.0
2024-07-05,20.323,20.323,20.323,20.323,0,0.0,0.0,0.0,0.0,0.0,,1.42,0.0,0.0
2024-07-08,20.323,20.323,20.323,20.323,0,0.0,0.0,0.0,0.0,0.0,,1.42,0.0,0.0
2024-07-09,19.097,19.097,19.097,19.097,300,5729.1,0.0,0.0,0.0,0.0,,1.42,0.0,0.0
2024-07-10,20.393,20.393,19.132,19.132,400,7652.8,0.0,0.0,0.0,0.0,,1.42,0.0,0.0
2024-07-11,19.132,19.132,19.132,19.132,0,0.0,0.0,0.0,0.0,0.0,,1.42,0.0,0.0
2024-07-12,19.132,19.132,19.132,19.132,0,0.0,0.0,0.0,0.0,0.0,,1.42,0.0,0.0
2024-07-15,19.132,19.132,19.132,19.132,0,0.0,0.0,0.0,0.0,0.0,,1.42,0.0,0.0
2024-07-16,19.132,19.167,19.132,19.132,1500,28698.000000000004,0.0,100.0,0.0,0.0,,1.42,0.0,0.0
2024-07-17,19.132,19.132,19.132,19.132,1600,30611.2,0.0,0.0,0.0,0.0,,1.42,0.0,0.0
2024-07-18,19.622,19.622,18.992,19.587,400,7834.8,0.0,0.0,0.0,0.0,,1.42,0.0,0.0
2024-07-19,19.587,19.587,19.587,19.587,0,0.0,0.0,0.0,0.0,0.0,,1.42,0.0,0.0
2024-07-22,20.814,20.814,20.814,20.814,100,2081.4,0.0,0.0,0.0,0.0,,1.42,0.0,0.0
2024-07-23,20.779,20.814,20.779,20.814,300,6244.2,0.0,0.0,0.0,0.0,,1.42,0.0,0.0
2024-07-24,20.779,20.779,20.779,20.779,100,2077.9,0.0,0.0,0.0,0.0,,1.42,0.0,0.0
2024-07-25,20.779,20.779,20.779,20.779,0,0.0,0.0,0.0,0.0,0.0,,1.42,0.0,0.0
2024-07-26,20.779,20.779,20.779,20.779,0,0.0,0.0,0.0,0.0,0.0,,1.42,0.0,0.0
2024-07-29,20.744,20.744,20.744,20.744,200,4148.8,0.0,0.0,0.0,0.0,,1.42,0.0,0.0
2024-07-30,19.938,20.253,19.938,20.253,700,14177.1,0.0,0.0,0.0,0.0,,1.42,0.0,0.0
2024-07-31,19.552,19.552,18.852,18.852,4500,84834.0,0.0,600.0,0.0,20000.0,,1.42,0.0,0.02
2024-08-01,18.922,18.922,17.695,17.765,2700,47965.5,500.0,0.0,10000.0,0.0,,1.42,0.01,0.0
2024-08-02,18.151,18.151,18.151,18.151,100,1815.1,0.0,100.0,0.0,0.0,,1.42,0.0,0.0
2024-08-05,17.555,19.307,17.555,19.307,200,3861.4,0.0,0.0,0.0,0.0,,1.42,0.0,0.0
2024-08-06,19.307,19.307,19.307,19.307,0,0.0,0.0,0.0,0.0,0.0,,1.42,0.0,0.0
2024-08-07,19.202,19.202,19.202,19.202,100,1920.2000000000005,0.0,0.0,0.0,0.0,,1.42,0.0,0.0
2024-08-08,19.202,19.202,19.202,19.202,0,0.0,0.0,0.0,0.0,0.0,,1.42,0.0,0.0
2024-08-09,19.202,19.202,19.202,19.202,0,0.0,0.0,0.0,0.0,0.0,,1.42,0.0,0.0
2024-08-12,20.078,20.078,19.833,19.833,2100,41649.3,2000.0,0.0,60000.0,0.0,,1.42,0.06,0.0
2024-08-13,19.833,19.833,19.833,19.833,0,0.0,0.0,0.0,0.0,0.0,,1.42,0.0,0.0
2024-08-14,20.533,20.533,20.533,20.533,100,2053.3,0.0,0.0,0.0,0.0,,1.42,0.0,0.0
2024-08-15,19.272,19.272,19.097,19.097,1600,30555.2,0.0,0.0,0.0,0.0,,1.42,0.0,0.0
2024-08-16,18.221,19.062,18.221,18.852,10400,196060.8,0.0,10000.0,0.0,260000.0,,1.42,0.0,0.26
2024-08-19,20.113,20.113,19.027,20.113,7400,148836.19999999998,0.0,0.0,0.0,0.0,,1.42,0.0,0.0
2024-08-20,18.922,18.992,18.922,18.922,3100,58658.2,0.0,0.0,0.0,0.0,,1.42,0.0,0.0
2024-08-21,18.922,19.307,18.922,18.922,1300,24598.6,0.0,0.0,0.0,0.0,,1.42,0.0,0.0
2024-08-22,18.746,19.272,18.746,19.272,10200,196574.4,600.0,0.0,20000.0,0.0,,1.42,0.02,0.0
2024-08-23,19.272,19.272,19.272,19.272,0,0.0,0.0,0.0,0.0,0.0,,1.42,0.0,0.0
2024-08-26,18.922,18.922,18.571,18.606,1600,29769.6,0.0,0.0,0.0,0.0,,1.42,0.0,0.0
2024-08-27,18.922,18.922,18.922,18.922,500,9461.0,0.0,0.0,0.0,0.0,,1.42,0.0,0.0
2024-08-28,19.272,19.272,18.571,18.781,1300,24415.3,0.0,0.0,0.0,0.0,,1.42,0.0,0.0
2024-08-29,18.781,18.781,18.431,18.431,200,3686.2,100.0,0.0,0.0,0.0,,1.42,0.0,0.0
2024-08-30,18.852,18.852,18.852,18.852,200,3770.4,0.0,0.0,0.0,0.0,,1.42,0.0,0.0
2024-09-04,19.692,19.692,18.852,18.852,1500,28278.0,0.0,0.0,0.0,0.0,,1.42,0.0,0.0
2024-09-05,18.852,18.852,18.852,18.852,0,0.0,0.0,0.0,0.0,0.0,,1.42,0.0,0.0
2024-09-06,18.852,18.852,18.852,18.852,0,0.0,0.0,0.0,0.0,0.0,,1.42,0.0,0.0
2024-09-09,18.922,18.922,18.256,18.256,200,3651.2,0.0,0.0,0.0,0.0,,1.42,0.0,0.0
2024-09-10,18.256,18.256,18.081,18.081,3700,66899.7,100.0,0.0,0.0,0.0,,1.42,0.0,0.0
2024-09-11,18.466,18.466,18.466,18.466,100,1846.6,0.0,0.0,0.0,0.0,,1.42,0.0,0.0
2024-09-12,17.8,17.87,17.8,17.87,200,3574.0,0.0,0.0,0.0,0.0,,1.42,0.0,0.0
2024-09-13,18.852,18.852,18.536,18.536,1100,20389.6,1000.0,0.0,30000.0,0.0,,1.42,0.03,0.0
2024-09-16,18.143,18.143,18.108,18.108,1000,18108.0,700.0,0.0,20000.0,0.0,,1.42,0.02,0.0
2024-09-17,18.108,18.108,17.893,17.893,500,8946.5,0.0,0.0,0.0,0.0,,1.42,0.0,0.0
2024-09-18,18.715,18.715,17.607,17.607,200,3521.4,0.0,0.0,0.0,0.0,,1.42,0.0,0.0
2024-09-19,18.715,18.715,17.5,17.5,200,3500.0,0.0,0.0,0.0,0.0,,1.42,0.0,0.0
2024-09-20,18.215,18.215,17.858,17.858,3100,55359.8,0.0,0.0,0.0,0.0,,1.42,0.0,0.0
2024-09-23,17.572,17.572,17.572,17.572,100,1757.1999999999998,0.0,100.0,0.0,0.0,,1.42,0.0,0.0
2024-09-24,17.572,17.786,17.5,17.5,2300,40250.0,100.0,0.0,0.0,0.0,,1.42,0.0,0.0
2024-09-25,17.5,18.465,17.5,18.465,300,5539.5,0.0,0.0,0.0,0.0,,1.42,0.0,0.0
2024-09-26,18.036,18.036,18.036,18.036,200,3607.2,0.0,0.0,0.0,0.0,,1.42,0.0,0.0
2024-09-27,17.679,18.358,17.679,18.358,200,3671.6,0.0,0.0,0.0,0.0,,1.42,0.0,0.0
2024-09-30,18.322,18.322,17.465,17.572,2200,38658.4,1600.0,0.0,40000.0,0.0,,1.42,0.04,0.0
2024-10-01,18.143,18.143,17.536,17.572,3200,56230.4,3000.0,0.0,70000.0,0.0,,1.42,0.07,0.0
2024-10-02,17.572,17.572,17.572,17.572,0,0.0,0.0,0.0,0.0,0.0,,1.42,0.0,0.0
2024-10-03,17.572,17.572,17.572,17.572,300,5271.599999999999,300.0,0.0,10000.0,0.0,,1.42,0.01,0.0
2024-10-04,17.25,18.572,17.25,18.572,300,5571.599999999999,0.0,0.0,0.0,0.0,,1.42,0.0,0.0
2024-10-07,19.143,19.143,19.143,19.143,100,1914.3,0.0,0.0,0.0,0.0,,1.42,0.0,0.0
2024-10-08,17.822,17.858,17.822,17.858,3800,67860.40000000001,2900.0,0.0,70000.0,0.0,,1.42,0.07,0.0
2024-10-09,17.858,17.858,17.858,17.858,0,0.0,0.0,0.0,0.0,0.0,,1.42,0.0,0.0
2024-10-10,17.215,18.143,17.215,17.715,1700,30115.5,0.0,0.0,0.0,0.0,,1.42,0.0,0.0
2024-10-11,18.322,18.322,17.75,17.75,500,8875.0,0.0,0.0,0.0,0.0,,1.42,0.0,0.0
2024-10-14,17.75,17.75,17.75,17.75,0,0.0,0.0,0.0,0.0,0.0,,1.42,0.0,0.0
2024-10-15,16.822,18.25,16.822,17.715,500,8857.5,200.0,0.0,0.0,0.0,,1.42,0.0,0.0
2024-10-16,16.786,18.179,16.786,18.179,200,3635.8,0.0,0.0,0.0,0.0,,1.42,0.0,0.0
2024-10-17,17.858,17.858,17.572,17.715,1500,26572.5,0.0,0.0,0.0,0.0,,1.42,0.0,0.0
2024-10-18,16.643,18.5,16.643,18.5,200,3700.0,0.0,0.0,0.0,0.0,,1.42,0.0,0.0
2024-10-21,18.5,18.5,18.5,18.5,0,0.0,0.0,0.0,0.0,0.0,,1.42,0.0,0.0
2024-10-22,17.393,18.358,17.25,18.358,900,16522.2,0.0,0.0,0.0,0.0,,1.42,0.0,0.0
2024-10-23,17.393,17.429,17.393,17.393,3000,52179.0,100.0,2000.0,0.0,50000.0,,1.42,0.0,0.05
2024-10-24,16.786,16.786,16.786,16.786,100,1678.6,0.0,0.0,0.0,0.0,,1.42,0.0,0.0
2024-10-25,17.715,17.715,17.715,17.715,400,7086.0,0.0,0.0,0.0,0.0,,1.42,0.0,0.0
2024-10-28,18.072,18.5,16.893,18.0,6800,122400.0,100.0,5500.0,0.0,130000.0,,1.42,0.0,0.13
2024-10-29,18.0,18.0,17.286,17.286,4000,69144.0,0.0,2800.0,0.0,70000.0,,1.42,0.0,0.07
2024-10-30,17.286,17.607,16.786,17.607,5300,93317.1,0.0,5200.0,0.0,120000.0,,1.42,0.0,0.12
2024-10-31,17.143,17.143,17.143,17.143,2000,34286.0,1900.0,0.0,50000.0,0.0,,1.42,0.05,0.0
2024-11-01,17.143,17.465,17.143,17.286,400,6914.400000000001,100.0,0.0,0.0,0.0,,1.42,0.0,0.0
2024-11-04,16.822,17.215,16.786,17.215,1600,27544.0,0.0,0.0,0.0,0.0,,1.42,0.0,0.0
2024-11-05,17.357,17.357,17.357,17.357,100,1735.6999999999998,0.0,0.0,0.0,0.0,,1.42,0.0,0.0
2024-11-06,17.357,17.357,17.357,17.357,0,0.0,0.0,0.0,0.0,0.0,,1.42,0.0,0.0
2024-11-07,17.036,18.5,17.036,18.179,2400,43629.6,0.0,0.0,0.0,0.0,,1.42,0.0,0.0
2024-11-08,17.858,17.858,17.858,17.858,100,1785.8,0.0,0.0,0.0,0.0,,1.42,0.0,0.0
2024-11-11,17.858,17.858,17.858,17.858,0,0.0,0.0,0.0,0.0,0.0,,1.42,0.0,0.0
2024-11-12,17.858,17.858,17.858,17.858,0,0.0,0.0,0.0,0.0,0.0,,1.42,0.0,0.0
2024-11-13,17.786,17.786,16.929,16.929,200,3385.8,0.0,0.0,0.0,0.0,,1.42,0.0,0.0
2024-11-14,17.5,17.5,17.072,17.072,200,3414.4,100.0,0.0,0.0,0.0,,1.42,0.0,0.0
2024-11-15,16.929,16.929,16.929,16.929,100,1692.9,0.0,100.0,0.0,0.0,,1.42,0.0,0.0
2024-11-18,17.286,17.286,17.286,17.286,100,1728.6,0.0,0.0,0.0,0.0,,1.42,0.0,0.0
2024-11-19,17.286,17.286,17.286,17.286,0,0.0,0.0,0.0,0.0,0.0,,1.42,0.0,0.0
2024-11-20,17.679,17.679,17.679,17.679,100,1767.9,0.0,0.0,0.0,0.0,,1.42,0.0,0.0
2024-11-21,17.679,17.679,17.679,17.679,0,0.0,0.0,0.0,0.0,0.0,,1.42,0.0,0.0
2024-11-22,17.679,17.679,17.679,17.679,0,0.0,0.0,0.0,0.0,0.0,,1.42,0.0,0.0
2024-11-25,17.679,17.679,17.679,17.679,0,0.0,0.0,0.0,0.0,0.0,,1.42,0.0,0.0
2024-11-26,17.607,17.607,17.143,17.286,2600,44943.600000000006,300.0,0.0,10000.0,0.0,,1.42,0.01,0.0
2024-11-27,17.286,17.286,17.286,17.286,100,1728.6,0.0,0.0,0.0,0.0,,1.42,0.0,0.0
2024-11-28,17.286,17.286,17.286,17.286,0,0.0,0.0,0.0,0.0,0.0,,1.42,0.0,0.0
2024-11-29,17.286,17.286,17.286,17.286,0,0.0,0.0,0.0,0.0,0.0,,1.42,0.0,0.0
2024-12-02,17.286,17.286,17.286,17.286,0,0.0,0.0,0.0,0.0,0.0,,1.42,0.0,0.0
2024-12-03,16.536,17.215,16.5,16.5,6200,102300.0,200.0,6102.0,0.0,140000.0,,1.42,0.0,0.14
2024-12-04,17.429,17.429,15.357,15.643,15600,244030.8,0.0,4732.0,0.0,100000.0,,1.42,0.0,0.1
2024-12-05,16.5,16.5,16.357,16.357,1700,27806.9,0.0,0.0,0.0,0.0,,1.42,0.0,0.0
2024-12-06,17.036,17.036,15.215,15.429,9600,148118.4,0.0,3800.0,0.0,80000.0,,1.42,0.0,0.08
2024-12-09,15.429,15.429,15.286,15.286,14500,221647.0,0.0,12200.0,0.0,260000.0,,1.42,0.0,0.26
2024-12-10,15.286,15.357,15.286,15.322,3700,56691.4,0.0,0.0,0.0,0.0,,1.42,0.0,0.0
2024-12-11,15.322,16.036,15.286,15.429,3100,47829.9,300.0,2500.0,10000.0,50000.0,,1.42,0.01,0.05
2024-12-12,15.857,15.857,15.0,15.0,1800,27000.0,0.0,1000.0,0.0,20000.0,,1.42,0.0,0.02
2024-12-13,15.0,15.215,15.0,15.215,3400,51731.0,0.0,3000.0,0.0,60000.0,,1.42,0.0,0.06
2024-12-16,15.179,15.179,15.179,15.179,200,3035.8,0.0,0.0,0.0,0.0,,1.42,0.0,0.0
2024-12-17,15.643,15.643,15.0,15.0,5600,84000.0,0.0,5500.0,0.0,120000.0,,1.42,0.0,0.12
2024-12-18,15.0,15.0,15.0,15.0,1200,18000.0,0.0,1000.0,0.0,20000.0,,1.42,0.0,0.02
2024-12-19,15.0,15.0,14.322,14.393,9000,129537.0,0.0,500.0,0.0,10000.0,,1.42,0.0,0.01
2024-12-20,14.393,14.929,14.393,14.929,5000,74645.0,0.0,0.0,0.0,0.0,,1.42,0.0,0.0
2024-12-23,15.715,15.715,14.072,14.715,19000,279585.0,500.0,17800.0,10000.0,350000.0,,1.42,0.01,0.35
2024-12-24,15.643,15.643,14.357,15.036,2400,36086.4,0.0,0.0,0.0,0.0,,1.42,0.0,0.0
2024-12-25,15.0,15.0,14.893,14.893,300,4467.900000000001,0.0,0.0,0.0,0.0,,1.42,0.0,0.0
2024-12-26,14.786,14.786,14.643,14.679,1100,16146.9,0.0,100.0,0.0,0.0,,1.42,0.0,0.0
2024-12-27,14.643,15.572,14.643,15.572,1600,24915.2,0.0,0.0,0.0,0.0,,1.42,0.0,0.0
2024-12-30,14.715,15.322,14.715,14.786,1600,23657.6,0.0,0.0,0.0,0.0,,1.42,0.0,0.0
2024-12-31,14.643,14.643,14.357,14.429,2400,34629.6,0.0,0.0,0.0,0.0,,1.42,0.0,0.0
2025-01-02,14.5,15.322,14.5,15.322,600,9193.2,0.0,0.0,0.0,0.0,,1.42,0.0,0.0
2025-01-03,15.286,15.286,15.286,15.286,200,3057.2,0.0,0.0,0.0,0.0,,1.42,0.0,0.0
2025-01-06,14.643,15.215,14.643,15.215,3200,48688.0,0.0,100.0,0.0,0.0,,1.42,0.0,0.0
2025-01-07,15.215,15.215,15.215,15.215,0,0.0,0.0,0.0,0.0,0.0,,1.42,0.0,0.0
2025-01-08,15.215,15.215,15.215,15.215,200,3043.0,200.0,0.0,0.0,0.0,,1.42,0.0,0.0
2025-01-09,15.107,15.107,15.107,15.107,1200,18128.4,0.0,300.0,0.0,10000.0,,1.42,0.0,0.01
2025-01-10,15.0,15.0,15.0,15.0,1900,28500.0,0.0,0.0,0.0,0.0,,1.42,0.0,0.0
2025-01-13,15.0,15.0,15.0,15.0,0,0.0,0.0,0.0,0.0,0.0,,1.42,0.0,0.0
2025-01-14,15.0,15.0,15.0,15.0,0,0.0,0.0,0.0,0.0,0.0,,1.42,0.0,0.0
2025-01-15,14.643,14.643,14.643,14.643,1000,14643.0,0.0,0.0,0.0,0.0,,1.42,0.0,0.0
2025-01-16,14.643,14.643,14.643,14.643,100,1464.3000000000002,0.0,0.0,0.0,0.0,,1.42,0.0,0.0
2025-01-17,14.643,14.643,14.643,14.643,0,0.0,0.0,0.0,0.0,0.0,,1.42,0.0,0.0
2025-01-20,14.286,15.072,14.286,15.072,4600,69331.2,0.0,4400.0,0.0,90000.0,,1.42,0.0,0.09
2025-01-21,15.0,15.036,15.0,15.036,300,4510.8,300.0,0.0,10000.0,0.0,,1.42,0.01,0.0
2025-01-22,15.036,15.036,15.036,15.036,0,0.0,0.0,0.0,0.0,0.0,,1.42,0.0,0.0
2025-01-23,15.0,15.0,15.0,15.0,300,4500.0,300.0,0.0,10000.0,0.0,,1.42,0.01,0.0
2025-01-24,14.179,14.857,14.179,14.857,1300,19314.1,0.0,0.0,0.0,0.0,,1.42,0.0,0.0
2025-02-03,15.107,15.107,15.107,15.107,1100,16617.7,0.0,0.0,0.0,0.0,,1.42,0.0,0.0
2025-02-04,15.143,15.143,14.715,14.715,2200,32373.0,800.0,0.0,20000.0,0.0,,1.42,0.02,0.0
2025-02-05,14.857,14.857,14.429,14.5,4500,65250.0,0.0,0.0,0.0,0.0,,1.42,0.0,0.0
2025-02-06,14.5,14.5,14.5,14.5,4100,59450.0,0.0,0.0,0.0,0.0,,1.42,0.0,0.0
2025-02-07,15.143,15.143,15.143,15.143,100,1514.3000000000002,0.0,0.0,0.0,0.0,,1.42,0.0,0.0
2025-02-10,14.715,14.715,14.5,14.5,1200,17400.0,0.0,0.0,0.0,0.0,,1.42,0.0,0.0
2025-02-11,14.857,14.857,14.857,14.857,100,1485.6999999999998,0.0,0.0,0.0,0.0,,1.42,0.0,0.0
2025-02-12,15.715,15.715,15.072,15.072,1200,18086.4,0.0,0.0,0.0,0.0,,1.42,0.0,0.0
2025-02-13,15.072,15.072,15.072,15.072,0,0.0,0.0,0.0,0.0,0.0,,1.42,0.0,0.0
2025-02-14,15.072,15.072,15.072,15.072,0,0.0,0.0,0.0,0.0,0.0,,1.42,0.0,0.0
2025-02-17,14.643,15.0,14.643,15.0,2600,39000.0,0.0,0.0,0.0,0.0,,1.42,0.0,0.0
2025-02-18,15.0,15.0,14.857,14.857,2300,34171.1,0.0,0.0,0.0,0.0,,1.42,0.0,0.0
2025-02-19,14.857,14.857,14.643,14.643,5000,73215.0,200.0,0.0,0.0,0.0,,1.42,0.0,0.0
2025-02-20,14.643,14.643,14.643,14.643,1300,19035.9,300.0,0.0,10000.0,0.0,,1.42,0.01,0.0
2025-02-21,14.715,14.715,14.715,14.715,2700,39730.5,0.0,0.0,0.0,0.0,,1.42,0.0,0.0
2025-02-24,14.715,15.072,14.715,15.072,17100,257731.2,200.0,200.0,0.0,0.0,,1.42,0.0,0.0
2025-02-25,15.072,15.072,14.643,14.643,3300,48321.9,0.0,300.0,0.0,10000.0,,1.42,0.0,0.01
2025-02-26,15.0,15.0,14.643,14.643,2800,41000.4,0.0,0.0,0.0,0.0,,1.42,0.0,0.0
2025-02-27,14.643,14.643,14.643,14.643,900,13178.7,0.0,0.0,0.0,0.0,,1.42,0.0,0.0
2025-02-28,14.643,14.643,14.643,14.643,300,4392.900000000001,0.0,0.0,0.0,0.0,,1.42,0.0,0.0
2025-03-03,14.643,15.5,14.643,15.5,500,7750.0,0.0,200.0,0.0,0.0,,1.42,0.0,0.0
2025-03-04,14.786,15.179,14.786,15.179,13200,200362.8,0.0,0.0,0.0,0.0,,1.42,0.0,0.0
2025-03-05,15.179,15.465,15.179,15.465,4000,61860.0,0.0,0.0,0.0,0.0,,1.42,0.0,0.0
2025-03-06,15.429,15.429,15.143,15.143,1600,24228.800000000003,0.0,0.0,0.0,0.0,,1.42,0.0,0.0
2025-03-07,14.715,15.0,14.715,15.0,200,3000.0,0.0,0.0,0.0,0.0,,1.42,0.0,0.0
2025-03-10,15.0,15.0,14.822,14.822,2600,38537.2,0.0,0.0,0.0,0.0,,1.42,0.0,0.0
2025-03-11,14.786,14.786,14.643,14.786,3400,50272.4,0.0,0.0,0.0,0.0,,1.42,0.0,0.0
2025-03-12,15.0,15.0,14.965,14.965,5100,76321.5,0.0,0.0,0.0,0.0,,1.42,0.0,0.0
2025-03-13,15.429,15.429,14.786,14.893,3100,46168.3,0.0,0.0,0.0,0.0,,1.42,0.0,0.0
2025-03-14,14.715,14.715,14.715,14.715,500,7357.5,0.0,0.0,0.0,0.0,,1.42,0.0,0.0
2025-03-17,14.715,14.715,14.643,14.715,2500,36787.5,200.0,0.0,0.0,0.0,,1.42,0.0,0.0
2025-03-18,14.715,14.715,14.715,14.715,200,2943.0,0.0,0.0,0.0,0.0,,1.42,0.0,0.0
2025-03-19,14.715,14.715,14.715,14.715,0,0.0,0.0,0.0,0.0,0.0,,1.42,0.0,0.0
2025-03-20,15.286,15.322,14.679,15.322,1000,15322.0,100.0,0.0,0.0,0.0,,1.42,0.0,0.0
2025-03-21,15.143,15.143,15.143,15.143,100,1514.3000000000002,0.0,100.0,0.0,0.0,,1.42,0.0,0.0
2025-03-24,15.143,15.143,15.143,15.143,0,0.0,0.0,0.0,0.0,0.0,,1.42,0.0,0.0
2025-03-25,14.643,14.643,14.643,14.643,800,11714.4,0.0,0.0,0.0,0.0,,1.42,0.0,0.0
2025-03-26,15.0,15.0,15.0,15.0,1600,24000.0,0.0,0.0,0.0,0.0,,1.42,0.0,0.0
2025-03-27,15.0,15.0,14.572,14.572,1100,16029.2,0.0,0.0,0.0,0.0,,1.42,0.0,0.0
2025-03-28,14.572,14.572,14.572,14.572,3100,45173.2,0.0,0.0,0.0,0.0,,1.42,0.0,0.0
2025-03-31,15.0,15.0,15.0,15.0,500,7500.0,0.0,200.0,0.0,0.0,,1.42,0.0,0.0
2025-04-01,14.572,14.572,14.572,14.572,400,5828.799999999999,0.0,0.0,0.0,0.0,,1.42,0.0,0.0
2025-04-02,14.536,14.536,14.5,14.5,5900,85550.0,0.0,0.0,0.0,0.0,,1.42,0.0,0.0
2025-04-03,13.572,14.5,13.5,14.5,2400,34800.0,0.0,0.0,0.0,0.0,,1.42,0.0,0.0
2025-04-04,14.5,14.5,14.5,14.5,0,0.0,0.0,0.0,0.0,0.0,,1.42,0.0,0.0
2025-04-08,13.5,13.5,13.5,13.5,1200,16200.0,0.0,900.0,0.0,20000.0,,1.42,0.0,0.02
2025-04-09,14.107,14.107,14.107,14.107,100,1410.6999999999998,0.0,0.0,0.0,0.0,,1.42,0.0,0.0
2025-04-10,14.107,14.572,14.107,14.536,5800,84308.8,0.0,0.0,0.0,0.0,,1.42,0.0,0.0
2025-04-11,14.786,14.786,14.786,14.786,100,1478.6,0.0,0.0,0.0,0.0,,1.42,0.0,0.0
2025-04-14,14.0,14.607,13.822,14.25,7200,102600.0,0.0,0.0,0.0,0.0,,1.42,0.0,0.0
2025-04-15,14.5,14.5,14.25,14.25,1100,15675.0,0.0,0.0,0.0,0.0,,1.42,0.0,0.0
2025-04-16,14.215,14.215,14.215,14.215,400,5686.0,0.0,0.0,0.0,0.0,,1.42,0.0,0.0
2025-04-17,14.215,14.215,14.215,14.215,0,0.0,0.0,0.0,0.0,0.0,,1.42,0.0,0.0
2025-04-18,14.215,14.215,14.215,14.215,0,0.0,0.0,0.0,0.0,0.0,,1.42,0.0,0.0
2025-04-21,13.572,13.572,13.572,13.572,200,2714.4,0.0,0.0,0.0,0.0,,1.42,0.0,0.0
2025-04-22,14.215,14.215,14.215,14.215,300,4264.5,0.0,0.0,0.0,0.0,,1.42,0.0,0.0
2025-04-23,14.072,14.072,13.857,13.857,4000,55428.0,0.0,0.0,0.0,0.0,,1.42,0.0,0.0
2025-04-24,13.857,14.215,13.572,14.215,5100,72496.5,0.0,0.0,0.0,0.0,,1.42,0.0,0.0
2025-04-25,13.929,13.929,13.929,13.929,900,12536.1,0.0,0.0,0.0,0.0,,1.42,0.0,0.0
2025-04-28,14.536,14.536,14.536,14.536,100,1453.6,0.0,0.0,0.0,0.0,,1.42,0.0,0.0
2025-04-29,14.286,14.286,14.143,14.143,3100,43843.3,0.0,0.0,0.0,0.0,,1.42,0.0,0.0
2025-05-05,14.286,14.286,14.143,14.143,3800,53743.4,0.0,0.0,0.0,0.0,,1.42,0.0,0.0
2025-05-06,13.786,14.143,13.465,13.965,7800,108927.0,0.0,0.0,0.0,0.0,,1.42,0.0,0.0
2025-05-07,13.965,13.965,13.357,13.893,9300,129204.9,200.0,0.0,0.0,0.0,,1.42,0.0,0.0
2025-05-08,13.893,13.893,13.893,13.893,0,0.0,0.0,0.0,0.0,0.0,,1.42,0.0,0.0
2025-05-09,13.893,13.893,13.893,13.893,0,0.0,0.0,0.0,0.0,0.0,,1.42,0.0,0.0
2025-05-12,13.179,14.215,13.179,14.215,17700,251605.5,0.0,11600.0,0.0,220000.0,,1.42,0.0,0.22
2025-05-13,14.215,14.215,14.215,14.215,0,0.0,0.0,0.0,0.0,0.0,,1.42,0.0,0.0
2025-05-14,13.357,13.429,13.286,13.286,12500,166075.0,400.0,0.0,10000.0,0.0,,1.42,0.01,0.0
2025-05-15,13.286,14.143,13.286,14.143,44100,623706.3,0.0,200.0,0.0,0.0,,1.42,0.0,0.0
2025-05-16,13.465,14.143,13.465,14.143,5600,79200.8,0.0,0.0,0.0,0.0,,1.42,0.0,0.0
2025-05-19,14.143,14.143,13.5,14.107,3400,47963.8,200.0,0.0,0.0,0.0,,1.42,0.0,0.0
2025-05-20,13.75,14.215,13.75,14.215,4400,62546.0,0.0,0.0,0.0,0.0,,1.42,0.0,0.0
2025-05-21,13.536,14.143,13.536,14.143,700,9900.1,100.0,0.0,0.0,0.0,,1.42,0.0,0.0
2025-05-22,13.679,14.143,13.679,14.143,600,8485.800000000001,0.0,0.0,0.0,0.0,,1.42,0.0,0.0
2025-05-23,13.572,14.143,13.572,14.143,500,7071.5,0.0,0.0,0.0,0.0,,1.42,0.0,0.0
2025-05-26,13.679,14.143,13.679,14.143,800,11314.4,0.0,0.0,0.0,0.0,,1.42,0.0,0.0
2025-05-27,13.715,14.143,13.715,14.143,9300,131529.9,0.0,0.0,0.0,0.0,,1.42,0.0,0.0
2025-05-28,13.857,14.143,13.857,14.143,6800,96172.4,0.0,0.0,0.0,0.0,,1.42,0.0,0.0
2025-05-29,13.893,14.286,13.893,14.286,6100,87144.59999999999,0.0,0.0,0.0,0.0,,1.42,0.0,0.0
2025-05-30,14.286,14.286,14.215,14.215,900,12793.5,0.0,100.0,0.0,0.0,,1.42,0.0,0.0
2025-06-02,13.929,13.929,13.893,13.893,500,6946.5,0.0,0.0,0.0,0.0,,1.42,0.0,0.0
2025-06-03,13.822,13.893,13.036,13.893,5400,75022.2,300.0,0.0,10000.0,0.0,,1.42,0.01,0.0
2025-06-04,13.893,13.929,13.893,13.929,2500,34822.5,0.0,0.0,0.0,0.0,,1.42,0.0,0.0
2025-06-05,13.929,13.929,13.929,13.929,0,0.0,0.0,0.0,0.0,0.0,,1.42,0.0,0.0
2025-06-06,13.929,13.929,13.929,13.929,200,2785.8,0.0,0.0,0.0,0.0,,1.42,0.0,0.0
2025-06-09,13.929,13.929,13.929,13.929,0,0.0,0.0,0.0,0.0,0.0,,1.42,0.0,0.0
2025-06-10,13.572,14.107,13.572,14.107,2500,35267.5,100.0,0.0,0.0,0.0,,1.42,0.0,0.0
2025-06-11,14.143,14.143,14.143,14.143,100,1414.3000000000002,0.0,0.0,0.0,0.0,,1.42,0.0,0.0
2025-06-12,14.143,14.143,14.143,14.143,0,0.0,0.0,0.0,0.0,0.0,,1.42,0.0,0.0
2025-06-13,13.322,13.965,13.322,13.965,1000,13965.0,0.0,200.0,0.0,0.0,,1.42,0.0,0.0
2025-06-16,13.965,13.965,13.965,13.965,0,0.0,0.0,0.0,0.0,0.0,,1.42,0.0,0.0
2025-06-17,13.965,14.0,13.429,14.0,1200,16800.0,0.0,0.0,0.0,0.0,,1.42,0.0,0.0
2025-06-18,14.0,14.0,14.0,14.0,0,0.0,0.0,0.0,0.0,0.0,,1.42,0.0,0.0
2025-06-19,14.0,14.0,14.0,14.0,0,0.0,0.0,0.0,0.0,0.0,,1.42,0.0,0.0
2025-06-20,13.429,14.072,13.429,14.072,2600,36587.2,0.0,0.0,0.0,0.0,,1.42,0.0,0.0
2025-06-23,14.072,14.072,14.072,14.072,0,0.0,0.0,0.0,0.0,0.0,,1.42,0.0,0.0
2025-06-24,14.072,14.072,14.072,14.072,0,0.0,0.0,0.0,0.0,0.0,,1.42,0.0,0.0
2025-06-25,14.0,14.072,13.179,14.072,5000,70360.0,0.0,100.0,0.0,0.0,,1.42,0.0,0.0
2025-06-26,14.072,14.072,14.072,14.072,0,0.0,0.0,0.0,0.0,0.0,,1.42,0.0,0.0
2025-06-27,13.572,14.072,13.572,14.072,3700,52066.4,0.0,100.0,0.0,0.0,,1.42,0.0,0.0
2025-06-30,13.929,14.072,13.929,14.072,2700,37994.4,0.0,0.0,0.0,0.0,,1.42,0.0,0.0
2025-07-01,13.929,14.286,13.929,14.286,8400,120002.4,0.0,4800.0,0.0,100000.0,,1.42,0.0,0.1
2025-07-02,14.0,14.286,14.0,14.286,200,2857.2,0.0,0.0,0.0,0.0,,1.42,0.0,0.0
2025-07-03,14.5,14.572,14.5,14.572,3900,56830.8,0.0,0.0,0.0,0.0,,1.42,0.0,0.0
2025-07-04,14.572,15.0,14.572,15.0,1600,24000.0,0.0,0.0,0.0,0.0,,1.42,0.0,0.0
2025-07-07,15.0,15.0,15.0,15.0,300,4500.0,0.0,0.0,0.0,0.0,,1.42,0.0,0.0
2025-07-08,14.643,14.643,14.643,14.643,200,2928.6000000000004,0.0,0.0,0.0,0.0,,1.42,0.0,0.0
2025-07-09,14.286,14.357,14.286,14.357,20900,300061.3,0.0,19900.0,0.0,400000.0,,1.42,0.0,0.4
2025-07-10,15.0,15.0,15.0,15.0,500,7500.0,0.0,0.0,0.0,0.0,,1.42,0.0,0.0
2025-07-11,15.0,15.0,14.286,14.286,300,4285.8,0.0,0.0,0.0,0.0,,1.42,0.0,0.0
2025-07-14,15.0,15.0,14.857,14.857,2100,31199.7,0.0,300.0,0.0,10000.0,,1.42,0.0,0.01
2025-07-15,14.857,14.857,14.857,14.857,100,1485.6999999999998,0.0,0.0,0.0,0.0,,1.42,0.0,0.0
2025-07-16,15.0,15.0,15.0,15.0,100,1500.0,0.0,0.0,0.0,0.0,,1.42,0.0,0.0
2025-07-17,15.0,15.0,15.0,15.0,900,13500.0,100.0,0.0,0.0,0.0,,1.42,0.0,0.0
2025-07-18,14.215,14.643,14.215,14.643,4400,64429.2,600.0,8.0,10000.0,0.0,,1.42,0.01,0.0
2025-07-21,14.643,14.643,14.643,14.643,1500,21964.5,0.0,0.0,0.0,0.0,,1.42,0.0,0.0
2025-07-22,14.643,14.643,14.643,14.643,1000,14643.0,0.0,0.0,0.0,0.0,,1.42,0.0,0.0
2025-07-23,14.572,14.572,14.572,14.572,1000,14572.0,0.0,0.0,0.0,0.0,,1.42,0.0,0.0
2025-07-24,14.572,14.572,14.536,14.536,1300,18896.8,0.0,0.0,0.0,0.0,,1.42,0.0,0.0
2025-07-25,14.572,14.572,14.143,14.143,2000,28286.0,100.0,0.0,0.0,0.0,,1.42,0.0,0.0
2025-07-28,14.143,15.107,14.143,15.107,4600,69492.2,0.0,0.0,0.0,0.0,,1.42,0.0,0.0
2025-07-29,15.965,15.965,15.286,15.286,6100,93244.6,0.0,800.0,0.0,20000.0,,1.42,0.0,0.02
2025-07-30,14.286,15.0,14.286,15.0,400,6000.0,0.0,100.0,0.0,0.0,,1.42,0.0,0.0
2025-07-31,15.0,15.0,14.643,14.643,1400,20500.2,800.0,0.0,20000.0,0.0,,1.42,0.02,0.0
2025-08-01,14.643,15.643,14.643,15.643,12800,200230.4,100.0,100.0,0.0,0.0,,1.42,0.0,0.0
2025-08-04,16.393,16.393,15.179,15.179,8700,132057.3,300.0,900.0,10000.0,20000.0,,1.42,0.01,0.02
2025-08-05,16.179,16.215,16.143,16.179,7000,113253.0,0.0,300.0,0.0,10000.0,,1.42,0.0,0.01
2025-08-06,15.286,16.393,15.286,15.643,600,9385.8,0.0,0.0,0.0,0.0,,1.42,0.0,0.0
2025-08-07,15.715,15.715,15.643,15.643,6100,95422.3,0.0,0.0,0.0,0.0,,1.42,0.0,0.0
2025-08-08,15.643,15.643,15.643,15.643,1500,23464.5,0.0,0.0,0.0,0.0,,1.42,0.0,0.0
2025-08-11,15.25,15.643,15.25,15.643,4400,68829.2,0.0,0.0,0.0,0.0,,1.42,0.0,0.0
2025-08-12,15.643,16.072,15.643,16.072,6000,96432.0,0.0,1000.0,0.0,20000.0,,1.42,0.0,0.02
2025-08-13,16.072,16.822,16.072,16.822,8200,137940.4,100.0,1600.0,0.0,40000.0,,1.42,0.0,0.04
2025-08-14,17.929,17.929,16.715,16.715,2800,46802.0,0.0,0.0,0.0,0.0,,1.42,0.0,0.0
2025-08-15,16.715,16.715,16.643,16.643,600,9985.8,0.0,400.0,0.0,10000.0,,1.42,0.0,0.01
2025-08-18,16.643,16.643,16.643,16.643,0,0.0,0.0,0.0,0.0,0.0,,1.42,0.0,0.0
2025-08-19,16.572,16.715,16.357,16.357,7800,127584.6,100.0,0.0,0.0,0.0,,1.42,0.0,0.0
2025-08-20,16.357,16.357,16.357,16.357,2300,37621.1,0.0,0.0,0.0,0.0,,1.42,0.0,0.0
2025-08-21,17.072,17.5,17.072,17.5,11200,196000.0,0.0,500.0,0.0,10000.0,,1.42,0.0,0.01
2025-08-22,18.5,18.715,18.429,18.679,30700,573445.2999999999,0.0,500.0,0.0,10000.0,,1.42,0.0,0.01
2025-08-25,19.965,19.965,17.429,19.465,3300,64234.5,0.0,500.0,0.0,10000.0,,1.42,0.0,0.01
2025-08-26,19.286,19.286,18.108,18.108,60900,1102777.2,100.0,700.0,0.0,20000.0,,1.42,0.0,0.02
2025-08-27,18.929,18.929,17.965,18.358,3900,71596.2,0.0,0.0,0.0,0.0,,1.42,0.0,0.0
2025-08-28,18.358,18.572,18.215,18.5,10100,186850.0,0.0,0.0,0.0,0.0,,1.42,0.0,0.0
2025-08-29,18.215,18.536,17.929,18.536,4700,87119.20000000001,0.0,0.0,0.0,0.0,,1.42,0.0,0.0
2025-09-03,18.536,19.643,18.25,19.643,24200,475360.6,400.0,0.0,10000.0,0.0,,1.42,0.01,0.0
2025-09-04,20.929,21.0,20.858,21.0,30500,640500.0,0.0,0.0,0.0,0.0,,1.42,0.0,0.0
2025-09-05,22.465,22.465,22.465,22.465,5600,125804.0,0.0,100.0,0.0,0.0,,1.42,0.0,0.0
2025-09-08,24.036,24.036,23.965,24.036,41100,987879.6,7800.0,0.0,260000.0,0.0,,1.42,0.26,0.0
2025-09-09,24.036,25.001,24.036,24.929,43300,1079425.7,0.0,500.0,0.0,20000.0,,1.42,0.0,0.02
2025-09-10,25.715,25.715,23.215,24.215,23300,564209.5,0.0,100.0,0.0,0.0,,1.42,0.0,0.0
2025-09-11,25.85,25.85,24.2,24.6,23000,565800.0,100.0,1500.0,0.0,40000.0,,1.42,0.0,0.04
2025-09-12,25.8,25.8,23.35,23.4,6000,140400.0,0.0,200.0,0.0,0.0,,1.42,0.0,0.0
2025-09-15,23.2,23.2,21.8,21.8,31300,682340.0,600.0,600.0,10000.0,10000.0,,1.42,0.01,0.01
2025-09-16,22.1,23.15,22.1,22.45,9700,217765.0,0.0,132.0,0.0,0.0,,1.42,0.0,0.0
2025-09-17,22.45,22.45,21.25,21.25,6600,140250.0,100.0,100.0,0.0,0.0,,1.42,0.0,0.0
2025-09-18,22.0,22.5,22.0,22.0,7400,162800.0,0.0,600.0,0.0,10000.0,,1.42,0.0,0.01
2025-09-19,22.0,22.0,21.35,21.35,2100,44835.0,0.0,0.0,0.0,0.0,,1.42,0.0,0.0
2025-09-22,21.35,21.35,20.5,20.5,2700,55350.0,100.0,150.0,0.0,0.0,,1.42,0.0,0.0
2025-09-23,20.5,20.55,20.35,20.35,5500,111925.0,1100.0,0.0,20000.0,0.0,,1.42,0.02,0.0
2025-09-24,20.3,20.3,20.05,20.1,4300,86430.0,300.0,0.0,10000.0,0.0,,1.42,0.01,0.0
2025-09-25,20.05,20.05,19.1,20.05,6800,136340.0,0.0,0.0,0.0,0.0,,1.42,0.0,0.0
2025-09-26,20.05,20.05,20.0,20.05,3000,60150.0,0.0,0.0,0.0,0.0,,1.42,0.0,0.0
2025-09-29,20.05,20.05,20.0,20.05,1900,38095.0,0.0,0.0,0.0,0.0,,1.42,0.0,0.0
2025-09-30,20.0,20.0,19.25,20.0,5000,100000.0,0.0,0.0,0.0,0.0,,1.42,0.0,0.0
2025-10-01,20.0,20.0,20.0,20.0,1300,26000.0,0.0,0.0,0.0,0.0,,1.42,0.0,0.0
2025-10-02,20.0,20.0,20.0,20.0,0,0.0,0.0,0.0,0.0,0.0,,1.42,0.0,0.0
2025-10-03,18.8,20.0,18.8,20.0,4600,92000.0,200.0,0.0,0.0,0.0,,1.42,0.0,0.0
2025-10-06,20.0,20.0,20.0,20.0,6300,126000.0,100.0,0.0,0.0,0.0,,1.42,0.0,0.0
2025-10-07,20.0,21.0,19.2,21.0,3400,71400.0,0.0,0.0,0.0,0.0,,1.42,0.0,0.0
2025-10-08,21.0,21.0,20.0,20.95,1100,23045.0,0.0,0.0,0.0,0.0,,1.42,0.0,0.0
2025-10-09,,0.0,0.0,0.0,0,0.0,0.0,0.0,0.0,0.0,3160701.6,1.42,0.0,0.0
2025-10-10,20.5,20.5,19.6,20.5,3600,73800.0,0.0,20.0,0.0,4100.0,3160701.6,1.42,0.0,0.0
2025-10-13,,0.0,0.0,0.0,0,0.0,0.0,0.0,0.0,0.0,3160701.6,1.42,0.0,0.0
2025-10-14,20.3,20.3,19.1,20.0,1300,26000.0,0.0,0.0,0.0,0.0,3160701.6,1.42,0.0,0.0
2025-10-15,19.1,20.0,19.1,20.0,1200,24000.0,0.0,0.0,0.0,0.0,3160721.6,1.42,0.0,0.0
2025-10-16,21.4,21.4,21.4,21.4,45800,980120.0,0.0,0.0,0.0,0.0,3160521.6,1.42,0.0,0.0
2025-10-17,22.85,22.85,22.85,22.85,4000,91400.0,0.0,0.0,0.0,0.0,3160711.6,1.42,0.0,0.0
2025-10-20,24.4,24.4,24.4,24.4,19400,473360.0,0.0,0.0,0.0,0.0,3160501.6,1.42,0.0,0.0
2025-10-21,26.1,26.1,26.1,26.1,29500,769950.0,0.0,0.0,0.0,0.0,3160511.6,1.42,0.0,0.0
2025-10-22,27.9,27.9,27.8,27.9,98900,2759310.0,1210.0,1170.0,337540.0,326420.0,3158701.6,1.42,0.34,0.33
2025-10-23,29.85,29.85,29.85,29.85,28300,844755.0,0.0,0.0,0.0,0.0,3160681.6,1.42,0.0,0.0
2025-10-24,31.9,31.9,31.8,31.9,35500,1132450.0,50.0,0.0,15950.0,0.0,3159621.6,1.42,0.02,0.0
2025-10-27,34.1,34.1,34.1,34.1,5100,173910.0,0.0,0.0,0.0,0.0,3158621.6,1.42,0.0,0.0
2025-10-28,36.45,36.45,36.45,36.45,5300,193185.00000000003,0.0,0.0,0.0,0.0,4424666.1,1.42,0.0,0.0
2025-10-29,39.0,39.0,33.9,33.9,47400,1606860.0,80.0,240.0,30730.0,85110.0,4424586.1,1.42,0.03,0.09
2025-10-30,33.85,33.85,31.55,31.55,16300,514265.0,0.0,0.0,0.0,0.0,4424666.1,1.42,0.0,0.0
2025-10-31,29.35,31.0,29.35,29.4,50300,1478820.0,1520.0,0.0,446380.0,0.0,4423146.1,1.42,0.45,0.0
2025-11-03,29.5,31.45,29.5,31.45,14400,452880.0,180.0,10.0,53985.0,2950.0,4422606.1,1.42,0.05,0.0
2025-11-04,31.55,33.0,31.4,31.95,19900,635805.0,520.0,0.0,166400.0,0.0,4422616.1,1.42,0.17,0.0
2025-11-05,31.95,31.95,30.0,30.0,18200,546000.0,200.0,20.0,63785.0,6390.0,4422416.1,1.42,0.06,0.01
2025-11-06,31.0,31.0,29.0,30.0,3300,99000.0,0.0,0.0,0.0,0.0,4422436.1,1.42,0.0,0.0
2025-11-07,28.1,28.75,28.1,28.75,14400,414000.0,100.0,0.0,28140.0,0.0,4422336.1,1.42,0.03,0.0
2025-11-10,26.8,28.5,26.8,27.2,4100,111520.0,0.0,30.0,0.0,8100.0,4422286.1,1.42,0.0,0.01
2025-11-11,,0.0,0.0,0.0,0,0.0,0.0,0.0,0.0,0.0,0.0,1.42,0.0,0.0
2025-11-12,26.0,26.9,26.0,26.9,4000,107600.0,40.0,0.0,10760.0,0.0,4421796.1,1.42,0.01,0.0
2025-11-14,27.2,27.2,27.0,27.2,2900,78880.0,0.0,0.0,0.0,0.0,4421436.1,1.42,0.0,0.0
2025-11-17,27.7,27.7,26.3,27.1,15400,417340.0,0.0,0.0,0.0,0.0,4421436.1,1.42,0.0,0.0
2025-11-18,26.45,26.65,26.45,26.65,2300,61295.0,0.0,0.0,0.0,0.0,4421436.1,1.42,0.0,0.0
2025-11-19,27.7,27.7,26.0,26.0,3500,91000.0,0.0,0.0,0.0,0.0,4421436.1,1.42,0.0,0.0
2025-11-20,26.0,26.0,25.4,25.5,26800,683400.0,0.0,0.0,0.0,0.0,4421436.1,1.42,0.0,0.0
2025-11-25,23.75,23.75,22.9,22.9,5100,116790.0,0.0,0.0,0.0,0.0,4421436.1,1.42,0.0,0.0
2025-11-26,22.8,23.7,22.75,23.5,3400,79900.0,20.0,20.0,4590.0,4565.0,4423412.5,1.42,0.0,0.0
2025-11-27,23.5,23.5,22.8,23.1,5400,124740.0,10.0,10.0,2300.0,2350.0,4424002.5,1.42,0.0,0.0
2025-11-28,23.0,23.0,22.85,22.9,9300,212970.0,10.0,230.0,2290.0,52900.0,4423952.5,1.42,0.0,0.05
2025-12-01,22.8,23.0,22.8,22.9,14000,320600.0,0.0,80.0,0.0,18300.0,4424012.5,1.42,0.0,0.02
2025-12-02,22.9,22.9,22.7,22.8,6200,141360.0,10.0,3.0,2270.0,691.2,4423992.5,1.42,0.0,0.0
2025-12-03,22.8,22.8,21.85,22.75,2700,61425.0,30.0,0.0,6575.0,0.0,4424195.7,1.42,0.01,0.0
2025-12-04,22.75,22.75,21.85,22.2,30500,677100.0,0.0,2360.0,0.0,522855.0,4424165.7,1.42,0.0,0.52
2025-12-05,22.3,22.3,21.8,22.2,8200,182040.0,10.0,100.0,2190.0,21900.0,4424265.7,1.42,0.0,0.02
2025-12-08,22.2,23.75,22.2,23.75,20000,475000.0,0.0,20.0,0.0,4440.0,4424275.7,1.42,0.0,0.0
2025-12-10,27.15,27.15,25.5,26.3,93900,2469570.0,150.0,180.0,38825.0,47245.0,4426555.7,1.42,0.04,0.05
2025-12-11,27.1,27.1,25.0,25.0,16300,407500.0,10.0,200.0,2500.0,51400.0,4426735.7,1.42,0.0,0.05
2025-12-12,26.5,26.5,23.25,23.6,17300,408280.0,30.0,400.0,7335.0,96000.0,4427155.7,1.42,0.01,0.1
2025-12-15,23.65,23.65,21.95,23.55,28100,661755.0,60.0,20.0,13300.0,4570.0,4427155.7,1.42,0.01,0.0
2025-12-23,22.9,22.95,22.35,22.8,15000,342000.0,0.0,860.0,0.0,192790.0,4429935.7,1.42,0.0,0.19
2025-12-24,22.3,22.8,22.3,22.35,18800,420180.0,0.0,0.0,0.0,0.0,4430655.7,1.42,0.0,0.0
2025-12-25,22.35,22.35,22.0,22.1,18600,411060.0,150.0,320.0,33150.0,70820.0,4430505.7,1.42,0.03,0.07
2025-12-26,22.5,22.5,21.5,22.5,13900,312750.0,0.0,0.0,0.0,0.0,4431435.7,1.42,0.0,0.0
2025-12-29,22.15,22.75,22.15,22.75,3600,81900.0,0.0,100.0,0.0,22300.0,4431435.7,1.42,0.0,0.02
2025-12-30,22.5,22.5,22.15,22.5,8900,200250.0,60.0,480.0,13310.0,107365.0,4431625.7,1.42,0.01,0.11
2025-12-31,22.25,22.45,22.05,22.45,7000,157150.0,0.0,0.0,0.0,0.0,4431635.7,1.42,0.0,0.0
2026-01-05,22.45,22.5,22.0,22.0,4100,90200.0,0.0,0.0,0.0,0.0,4431735.7,1.42,0.0,0.0
2026-01-06,21.9,21.9,21.75,21.8,2600,56680.0,0.0,0.0,0.0,0.0,4432055.7,1.42,0.0,0.0
2026-01-07,21.8,22.3,21.65,22.2,2300,51060.0,0.0,0.0,0.0,0.0,4432155.7,1.42,0.0,0.0
2026-01-08,22.2,22.4,22.0,22.4,2300,51520.0,160.0,0.0,35210.0,0.0,4431945.7,1.42,0.04,0.0
2026-01-09,22.05,23.1,22.0,22.1,11800,260780.00000000003,490.0,0.0,111050.0,0.0,4431455.7,1.42,0.11,0.0
2026-01-12,22.1,22.45,22.0,22.0,9300,204600.0,60.0,0.0,13260.0,0.0,4431205.7,1.42,0.01,0.0
2026-01-13,21.8,22.2,21.7,22.2,7400,164280.0,0.0,200.0,0.0,44000.0,4431345.7,1.42,0.0,0.04
2026-01-14,22.2,22.2,21.8,21.8,18800,409840.0,150.0,300.0,32950.0,66000.0,4431215.7,1.42,0.03,0.07
2026-01-15,21.7,21.7,21.6,21.7,8200,177940.0,130.0,400.0,28095.0,86500.0,4431365.7,1.42,0.03,0.09
2026-01-16,21.7,22.2,21.6,21.7,21900,475230.0,30.0,1550.0,6510.0,336400.0,4431565.7,1.42,0.01,0.34
2026-01-19,21.0,22.0,21.0,21.7,4400,95480.0,0.0,410.0,0.0,88970.0,4431745.7,1.42,0.0,0.09
2026-01-20,21.05,21.7,21.05,21.35,13800,294630.0,30.0,964.0,6420.0,205015.05,4431955.7,1.42,0.01,0.21
2026-01-21,21.35,21.35,21.2,21.35,5600,119560.0,0.0,200.0,0.0,42700.0,4433615.7,1.42,0.0,0.04
2026-01-22,21.35,21.95,21.35,21.95,1100,24145.0,0.0,0.0,0.0,0.0,4434019.1,1.42,0.0,0.0
2026-01-23,21.55,21.55,21.25,21.3,8300,176790.0,10.0,0.0,2135.0,0.0,4434946.1,1.42,0.0,0.0
2026-01-26,21.4,21.4,20.8,21.3,28000,596400.0,80.0,510.0,16840.0,108395.0,4435056.1,1.42,0.02,0.11
2026-01-27,20.5,20.5,19.85,20.0,40600,812000.0,150.0,110.0,30205.0,22170.0,4434996.1,1.42,0.03,0.02
2026-01-28,19.05,21.0,19.0,21.0,14500,304500.0,30.0,0.0,6060.0,0.0,4435049.7,1.42,0.01,0.0
2026-01-29,21.0,22.1,20.15,20.15,4200,84630.0,0.0,290.0,0.0,60990.0,4435529.7,1.42,0.0,0.06
2026-01-30,20.15,21.0,20.15,20.2,1700,34340.0,10.0,0.0,2095.0,0.0,4435469.7,1.42,0.0,0.0
2026-02-02,20.2,20.2,19.8,19.8,7200,142560.0,0.0,20.0,0.0,4030.0,4435496.1,1.42,0.0,0.0
2026-02-03,19.8,19.8,19.6,19.75,2900,57275.0,1.0,10.0,217.8,1960.0,4435703.1,1.42,0.0,0.0
2026-02-04,20.0,20.0,19.55,20.0,20000,400000.0,30.0,1000.0,6000.0,200000.0,4435759.7,1.42,0.01,0.2
2026-02-05,20.1,20.5,20.1,20.2,8100,163620.0,0.0,500.0,0.0,100500.0,4435826.1,1.42,0.0,0.1
2026-02-06,20.0,20.0,19.55,19.55,3800,74290.0,0.0,0.0,0.0,0.0,4435838.6,1.42,0.0,0.0
2026-02-09,19.55,19.6,19.55,19.6,4400,86240.0,40.0,170.0,7820.0,33235.0,4436768.6,1.42,0.01,0.03
2026-02-10,19.6,19.6,19.3,19.35,5100,98685.0,40.0,0.0,7760.0,0.0,4437268.6,1.42,0.01,0.0
2026-02-11,19.4,19.7,19.4,19.65,3800,74670.0,1.0,30.0,213.4,5855.0,4437265.0,1.42,0.0,0.01
2026-02-12,19.65,20.0,19.65,20.0,3700,74000.0,40.0,220.0,7960.0,43965.0,4437308.6,1.42,0.01,0.04
2026-02-13,20.0,20.05,20.0,20.05,4300,86215.0,0.0,110.0,0.0,22050.0,4437398.6,1.42,0.0,0.02
2026-02-23,20.1,20.1,19.95,20.0,2000,40000.0,0.0,20.0,0.0,4000.0,4437377.5,1.42,0.0,0.0
2026-02-24,20.0,20.45,19.05,20.4,3600,73440.0,0.0,0.0,0.0,0.0,4437557.5,1.42,0.0,0.0
2026-02-25,19.4,20.35,19.3,20.2,5600,113120.0,70.0,0.0,13575.0,0.0,4437627.5,1.42,0.01,0.0
2026-02-26,20.2,20.2,20.2,20.2,100,2020.0,0.0,0.0,0.0,0.0,4437657.5,1.42,0.0,0.0
2026-02-27,20.2,20.2,20.0,20.2,9100,183820.0,100.0,0.0,20200.0,0.0,4437537.5,1.42,0.02,0.0
2026-03-02,19.25,20.0,19.0,20.0,8700,174000.0,60.0,40.0,11435.0,8000.0,4437507.5,1.42,0.01,0.01
2026-03-03,20.4,20.4,19.35,20.0,300,6000.0,0.0,0.0,0.0,0.0,4437547.5,1.42,0.0,0.0
2026-03-04,20.5,20.5,20.0,20.0,35800,716000.0,0.0,1150.0,0.0,230000.0,4437547.5,1.42,0.0,0.23
2026-03-05,19.8,20.35,19.8,19.8,3800,75240.0,0.0,50.0,0.0,9980.0,4437547.5,1.42,0.0,0.01
2026-03-06,19.85,19.85,19.3,19.6,5700,111720.0,60.0,0.0,11760.0,0.0,4437487.5,1.42,0.01,0.0
2026-03-09,18.6,19.6,18.25,18.25,9500,173375.0,50.0,0.0,9225.0,0.0,4438587.5,1.42,0.01,0.0
2026-03-10,19.45,19.45,18.5,19.4,4200,81480.0,0.0,0.0,0.0,0.0,4438637.5,1.42,0.0,0.0
2026-03-11,18.5,20.2,18.5,18.7,10000,187000.0,60.0,0.0,11245.0,0.0,4438577.5,1.42,0.01,0.0
2026-03-12,19.4,19.4,18.05,18.7,30200,564740.0,10.0,10.0,1810.0,1940.0,4438567.5,1.42,0.0,0.0
2026-03-13,18.9,18.9,18.25,18.6,15100,280860.0,0.0,0.0,0.0,0.0,4438527.5,1.42,0.0,0.0
2026-03-16,19.5,19.5,18.1,18.3,8300,151890.0,0.0,30.0,0.0,5475.0,4438527.5,1.42,0.0,0.01
2026-03-17,19.25,19.25,18.05,18.35,3600,66060.0,70.0,30.0,12645.0,5520.0,4438447.5,1.42,0.01,0.01
2026-03-18,18.1,18.5,18.1,18.15,1900,34485.0,0.0,50.0,0.0,9050.0,4438537.5,1.42,0.0,0.01
2026-03-19,18.1,18.1,17.5,17.55,6700,117585.0,80.0,30.0,14130.0,5420.0,4438417.5,1.42,0.01,0.01
2026-03-20,18.65,18.65,18.0,18.45,800,14760.0,0.0,0.0,0.0,0.0,4438467.5,1.42,0.0,0.0
2026-03-23,18.4,18.4,17.45,18.15,2600,47189.99999999999,0.0,0.0,0.0,0.0,4438567.5,1.42,0.0,0.0
2026-03-24,18.0,18.15,17.55,18.1,4300,77830.0,10.0,20.0,1755.0,3615.0,4438556.5,1.42,0.0,0.0
2026-03-25,18.1,18.5,18.1,18.5,3200,59200.0,52.0,0.0,9436.9,0.0,4438515.5,1.42,0.01,0.0
2026-03-26,18.5,18.5,18.3,18.3,1300,23790.0,0.0,0.0,0.0,0.0,4438514.0,1.42,0.0,0.0
2026-03-27,19.25,19.25,18.75,18.75,800,15000.0,0.0,0.0,0.0,0.0,4438525.5,1.42,0.0,0.0
2026-03-30,18.7,18.7,18.1,18.7,3100,57970.0,0.0,90.0,0.0,16295.0,4438525.5,1.42,0.0,0.02
2026-03-31,18.6,19.5,18.6,19.45,8700,169215.0,0.0,430.0,167.4,83635.0,4438523.5,1.42,0.0,0.08
2026-04-01,18.85,18.85,18.55,18.8,7000,131600.0,3900.0,0.0,0.07,0.0,0.0,1.42,0.07,0.0
2026-04-02,,0.0,0.0,0.0,0,0.0,0.0,0.0,0.0,0.0,4438155.5,1.42,0.0,0.0
2026-04-03,18.35,18.35,18.2,18.2,200,3640.0,100.0,0.0,0.0,0.0,0.0,1.42,0.0,0.0
2026-04-06,18.1,18.1,18.0,18.0,3200,57600.0,500.0,0.0,0.01,0.0,0.0,1.42,0.01,0.0
2026-04-07,18.0,18.5,17.5,18.4,6400,117760.0,500.0,0.0,0.01,0.0,0.0,1.42,0.01,0.0
2026-04-08,19.45,19.5,17.65,18.2,8300,151060.0,0.0,0.0,0.0,0.0,0.0,1.42,0.0,0.0
2026-04-09,18.25,18.25,17.75,17.75,3900,69225.0,1000.0,0.0,0.02,0.0,0.0,1.42,0.02,0.0
2026-04-10,18.7,18.7,17.6,17.7,6100,107970.0,200.0,0.0,0.0,0.0,0.0,1.42,0.0,0.0
2026-04-13,,0.0,0.0,0.0,0,0.0,0.0,0.0,0.0,0.0,4438424.6,1.42,0.0,0.0
2026-04-14,17.7,17.7,17.55,17.55,800,14040.0,50.0,30.0,8775.0,5280.0,4438324.6,1.42,0.01,0.01
2026-04-15,17.5,17.75,17.35,17.35,3400,58990.00000000001,50.0,10.0,8675.0,1775.0,4438294.6,1.42,0.01,0.0
2026-04-16,17.9,17.9,17.9,17.9,300,5370.0,0.0,10.0,0.0,1790.0,4438354.6,1.42,0.0,0.0
2026-04-17,17.5,17.5,17.5,17.5,1600,28000.0,0.0,0.0,0.0,0.0,4438364.6,1.42,0.0,0.0
